1,2,3,4,5,6,7,8,9,10,11,12,13,14,15,16,17,18,19,20,21,22,23,24,25,26,27,28,29,30,31,32,33,34,35,36,37,38,39,40
33,36,106,121,125,154,68,115,110,131,47,105,108,45,121,59,47,120,47,112,103,58,124,39,119,110,44,123,99,109,37,35,95,24,89,45,121,105,89,125
34,38,107,122,126,154,72,113,111,131,47,106,109,47,121,61,50,121,50,112,103,58,125,34,119,111,45,124,99,107,39,37,95,25,90,44,121,104,89,126
28,39,109,95,126,154,76,107,109,131,49,106,109,48,121,63,56,121,52,114,104,60,125,31,120,109,46,119,93,92,47,37,81,26,81,41,118,104,90,126
32,40,92,47,124,151,69,95,65,130,51,89,109,48,120,65,53,121,55,108,99,55,97,27,122,96,49,111,81,65,86,38,72,27,71,35,109,106,84,127
28,39,49,34,120,142,70,81,53,116,53,75,107,48,117,65,53,121,56,67,89,42,62,24,119,77,47,110,68,59,84,39,60,28,64,40,103,104,70,126
26,39,39,30,110,121,80,61,56,75,53,97,97,48,112,64,49,126,57,47,84,35,53,23,95,75,43,109,61,64,71,41,68,27,72,39,94,93,42,124
27,72,23,31,100,90,80,55,50,38,58,118,81,48,88,64,43,113,58,40,75,38,42,24,70,54,45,102,59,50,98,68,77,29,74,43,76,66,34,121
28,116,30,29,98,72,72,46,33,35,63,110,61,48,45,65,44,93,57,34,70,40,37,32,44,45,53,94,55,51,82,96,69,39,62,43,69,28,40,120
31,128,40,30,93,66,60,62,21,34,56,106,43,50,52,67,45,91,65,29,69,40,37,38,38,49,56,79,49,60,66,116,64,54,50,53,66,26,46,123
33,132,40,35,91,63,52,66,21,31,55,102,60,50,65,68,62,96,73,25,68,38,39,42,54,36,64,69,45,68,59,115,69,59,64,37,44,25,52,123
32,133,35,54,96,63,41,60,20,26,56,81,62,50,72,73,69,106,66,27,67,37,48,62,92,34,102,77,44,73,104,107,115,59,60,30,34,26,48,123
91,136,30,101,97,57,39,45,21,23,40,80,91,51,83,119,65,108,59,42,66,44,65,82,145,29,147,90,44,86,109,106,113,60,59,24,35,26,42,120
119,146,24,147,96,66,34,37,29,24,34,68,80,50,85,124,77,101,80,78,65,56,73,74,164,42,179,102,51,110,98,109,113,102,58,17,50,42,40,116
123,149,38,142,91,90,32,41,60,26,31,66,74,50,101,109,82,95,125,115,65,66,81,82,170,118,181,73,50,119,84,126,121,134,58,17,45,87,45,114
132,150,90,170,86,118,58,47,103,32,84,71,106,49,98,81,90,92,107,126,65,75,87,76,178,142,158,71,73,127,64,121,156,144,60,15,51,104,50,110
141,143,144,185,99,119,65,82,92,38,114,78,111,50,94,64,100,87,100,121,64,74,86,66,185,154,143,82,99,129,62,125,158,143,62,80,50,99,49,109
155,92,135,183,94,131,53,111,71,40,119,100,99,50,110,61,60,84,79,110,65,82,85,49,176,151,86,93,102,146,60,123,110,125,65,102,46,97,54,107
57,71,93,175,117,129,48,147,71,48,109,110,92,49,129,63,76,83,58,105,64,101,82,35,111,142,51,90,95,114,56,132,87,119,71,117,44,93,65,105
32,51,56,90,127,120,51,72,72,47,77,133,75,49,100,64,74,84,49,105,64,68,82,35,92,82,55,82,90,77,48,136,88,137,77,106,49,94,74,104
36,33,49,79,111,111,51,9,73,32,50,147,65,50,74,65,44,84,49,104,64,51,82,37,93,76,55,63,93,79,46,137,88,72,74,68,51,95,74,103
35,34,62,79,95,110,50,18,72,23,56,132,64,49,69,67,43,84,49,103,64,49,81,37,92,76,55,52,92,79,46,109,88,24,61,39,48,95,73,102
32,37,68,79,92,110,50,19,70,20,56,118,65,47,70,67,46,86,49,102,64,45,79,39,98,73,55,61,92,78,91,108,87,29,54,32,52,94,73,102
33,38,66,80,92,109,50,19,67,17,56,82,64,47,70,67,46,89,46,101,63,45,77,40,111,77,54,67,92,76,188,62,85,31,52,32,48,93,73,100
36,40,73,82,91,108,50,18,85,18,55,55,63,46,69,67,44,90,46,100,64,46,76,42,124,98,54,69,92,76,190,35,133,30,52,31,50,91,72,99
35,40,79,83,89,106,50,17,130,27,56,40,62,45,78,65,42,93,45,99,66,43,75,42,124,99,53,78,91,74,171,36,195,116,52,31,57,89,72,97
25,41,74,84,88,106,49,18,136,24,54,45,61,40,139,61,40,94,43,98,65,70,74,41,122,93,59,75,90,143,168,36,184,167,51,31,67,90,69,96
26,40,72,91,86,105,50,46,138,26,57,45,39,75,204,59,38,93,41,99,86,162,73,37,117,94,65,73,90,181,176,35,190,186,51,31,69,115,86,94
28,40,75,98,84,152,50,67,139,28,155,41,22,158,209,54,68,92,67,89,163,166,82,73,117,97,61,94,90,194,168,33,199,195,51,32,70,122,183,92
41,38,108,122,127,154,70,113,112,131,49,107,110,45,121,59,48,120,47,112,103,58,125,30,120,112,44,122,95,104,38,36,93,24,92,43,123,105,89,125
40,38,109,108,126,155,73,105,112,130,49,102,110,47,121,62,53,120,50,113,104,59,125,26,120,114,45,115,83,95,41,37,93,25,84,43,121,105,86,125
32,39,110,50,127,154,72,79,98,129,50,67,110,48,120,61,53,120,51,115,102,47,106,29,119,102,47,101,70,73,54,37,86,27,82,56,114,106,70,126
37,38,76,41,125,152,71,65,54,99,51,64,101,49,116,55,50,121,53,78,75,34,67,29,97,86,41,104,79,51,60,35,62,27,72,56,103,88,62,125
39,51,44,33,116,125,71,59,41,44,53,80,73,49,113,48,51,123,56,56,63,43,66,23,68,99,33,106,96,60,54,43,36,28,63,61,100,59,43,130
38,108,40,32,106,93,93,59,39,41,55,111,61,50,113,39,53,121,68,43,60,61,63,23,51,93,38,89,97,54,86,92,27,31,79,49,75,44,41,121
36,136,58,29,89,89,93,50,52,44,53,103,61,50,120,38,58,130,81,34,59,80,45,25,47,67,58,67,84,42,95,116,38,72,101,40,60,31,51,111
32,129,68,33,103,92,77,49,50,48,56,106,57,49,108,41,87,116,113,32,60,92,39,24,41,56,72,61,75,43,92,118,37,104,95,38,67,28,52,104
32,132,54,37,123,86,62,51,34,44,47,116,55,50,96,46,127,114,148,30,56,97,32,24,40,45,64,65,64,45,98,110,29,115,82,52,52,24,64,100
28,147,48,40,127,80,60,50,23,37,41,112,56,51,98,50,136,112,168,30,57,92,43,24,40,40,56,77,42,47,67,109,28,114,80,59,41,22,86,95
29,162,47,56,123,81,57,57,22,30,38,108,52,51,96,53,136,119,166,33,59,87,63,37,38,35,60,105,31,51,105,104,44,94,63,41,40,24,110,87
47,162,46,77,116,82,40,76,23,31,28,96,65,49,85,116,136,110,130,32,58,94,68,72,104,31,77,142,31,67,190,108,77,102,62,52,30,26,105,92
101,143,32,156,115,70,28,106,22,33,22,70,84,49,94,166,113,91,112,28,69,98,67,70,122,31,113,166,34,98,182,130,94,138,72,90,35,26,94,111
109,121,38,152,111,59,29,128,39,35,29,54,77,51,114,171,112,94,163,78,72,101,68,85,160,69,172,134,30,123,185,121,124,143,73,44,44,44,99,113
108,120,93,158,100,73,81,135,97,37,147,54,99,54,108,132,116,86,178,118,62,105,82,98,175,104,182,129,42,120,181,110,131,142,82,63,45,83,115,109
105,124,117,169,92,93,112,131,140,43,188,50,107,48,93,125,166,108,190,147,68,106,100,111,176,95,199,157,105,128,178,87,131,138,93,104,44,108,115,100
106,135,141,168,99,121,122,132,139,50,196,58,115,45,94,142,127,104,193,163,62,105,95,106,171,132,102,154,139,135,175,58,120,133,100,118,48,142,102,113
78,147,158,178,126,138,91,135,120,72,190,99,117,49,107,93,134,94,171,121,63,100,87,84,123,175,53,151,140,140,165,44,104,133,102,111,57,142,93,111
54,155,133,86,129,156,53,96,90,99,195,89,108,49,109,57,135,85,132,105,63,100,84,44,99,129,59,141,124,91,146,59,104,131,101,115,58,120,87,107
51,120,37,61,148,150,47,45,73,80,113,69,89,49,89,61,119,77,88,104,62,98,80,34,97,71,52,108,94,77,117,87,101,101,97,133,54,94,86,103
49,41,31,79,147,117,51,19,73,38,44,79,79,49,69,65,82,78,62,104,62,92,76,36,97,74,44,71,93,75,92,122,95,65,98,118,49,95,83,103
42,32,65,78,102,108,50,12,71,18,48,60,66,49,69,65,51,79,47,103,62,74,73,36,87,76,47,50,92,74,109,109,88,48,70,40,48,95,76,101
36,35,69,77,90,109,50,13,69,19,50,44,63,48,69,66,45,79,45,102,61,56,72,38,76,74,50,45,92,73,104,75,111,31,52,31,41,94,73,100
29,36,70,77,90,108,50,14,104,20,53,28,64,47,83,66,40,79,46,101,61,46,72,41,92,49,51,46,91,72,110,37,188,25,52,31,38,93,73,99
26,37,73,77,89,107,50,14,124,20,56,31,64,46,150,64,38,81,43,101,61,41,71,42,106,44,53,61,91,80,120,35,158,103,52,30,42,90,72,97
44,40,73,77,87,105,50,21,130,27,61,38,37,40,160,59,38,80,41,101,57,65,70,42,118,86,53,73,92,127,124,35,111,150,52,30,49,100,67,96
66,40,72,77,85,108,51,49,139,40,140,46,13,97,151,53,35,80,35,98,119,129,75,39,125,122,38,81,91,140,124,35,123,162,52,30,50,121,110,94
75,40,72,115,83,189,52,71,140,34,151,48,22,167,164,48,79,80,54,65,178,147,89,128,116,129,36,96,91,149,130,34,144,174,49,30,55,122,192,93
62,38,111,120,125,154,71,101,112,129,50,107,110,46,121,61,52,120,48,113,104,56,124,34,120,113,44,117,79,95,39,37,92,24,76,49,123,106,88,124
56,39,96,70,126,155,72,74,109,128,50,65,112,47,121,55,54,120,49,113,96,43,106,32,120,122,45,103,56,76,32,37,96,25,68,51,116,108,78,125
42,38,72,52,125,155,74,53,92,109,50,56,106,48,105,42,49,119,51,77,78,36,86,35,86,126,40,105,67,65,38,36,91,27,92,79,105,97,71,125
66,48,59,41,123,120,74,57,64,46,50,80,65,49,89,36,56,125,55,43,78,60,90,38,58,110,38,103,98,56,67,48,66,28,87,73,95,54,54,128
69,122,47,33,113,97,84,70,42,38,55,90,62,49,119,36,57,133,87,39,79,85,80,35,55,120,39,82,110,64,106,101,43,28,75,50,74,48,50,157
76,152,65,39,114,93,92,62,54,46,49,112,98,47,122,37,59,126,139,33,58,100,84,36,68,122,61,85,65,46,134,125,32,67,106,43,95,37,66,140
64,145,108,32,133,99,76,52,41,53,41,95,117,47,107,38,81,167,180,28,43,112,61,38,65,103,89,110,27,46,164,121,28,104,139,63,125,27,67,111
56,129,107,40,152,94,58,59,47,60,37,109,118,52,119,42,114,159,203,26,40,118,53,43,59,89,97,119,26,54,188,126,29,115,141,101,125,19,81,96
48,136,76,57,154,87,55,75,60,59,39,112,114,52,120,47,139,112,210,27,61,112,72,54,53,81,101,75,46,66,195,127,30,123,136,112,113,35,110,101
46,153,59,64,148,103,52,114,47,46,39,119,112,50,122,47,149,80,185,33,79,100,125,60,42,67,123,127,50,78,193,123,30,105,139,112,97,73,131,107
79,168,51,63,135,124,49,151,31,35,30,119,114,47,106,39,156,88,171,38,84,111,159,60,33,46,119,123,29,111,138,134,62,90,137,122,96,81,124,113
106,154,61,53,131,126,37,171,22,39,38,106,112,63,106,39,152,127,169,37,79,108,160,62,68,44,125,127,23,135,165,170,106,126,112,105,93,76,93,123
123,120,59,104,126,129,47,184,20,61,68,106,108,100,125,63,128,86,182,29,76,107,145,74,126,43,148,165,27,137,160,183,136,129,115,87,97,84,73,113
129,106,50,142,126,126,48,191,19,82,89,106,112,123,131,81,106,78,209,35,84,122,115,71,150,42,165,168,44,143,163,176,140,139,67,92,103,119,71,98
124,85,54,140,134,109,66,186,37,103,115,107,125,150,131,77,76,87,213,84,78,129,125,73,149,50,159,146,52,146,186,170,139,149,93,124,112,139,119,95
118,99,71,141,150,122,85,176,70,110,146,115,131,133,124,107,99,118,208,166,84,133,157,79,141,54,166,182,46,140,188,148,128,140,129,134,106,140,142,129
111,113,124,134,150,134,109,166,132,100,139,97,131,87,118,163,120,128,199,161,81,133,167,89,137,82,170,168,76,129,186,142,123,138,137,124,102,133,136,156
108,131,149,130,136,145,141,165,168,88,134,90,119,47,116,140,142,134,191,135,74,121,148,98,132,103,170,159,138,122,182,126,118,138,132,118,93,130,127,166
99,146,167,104,124,149,146,170,153,96,139,74,111,43,111,52,160,135,178,104,65,99,133,77,130,100,172,124,161,127,177,115,114,132,115,116,84,122,108,157
86,164,65,69,134,149,76,166,87,112,125,50,134,43,108,51,149,129,172,104,61,99,122,34,123,59,156,77,115,124,170,113,116,130,85,122,71,102,94,126
83,89,13,75,148,134,49,137,73,93,50,33,135,43,101,56,145,88,158,104,61,98,108,35,110,49,116,73,91,115,160,85,114,130,89,112,54,95,103,105
91,29,55,85,110,117,50,93,72,25,47,40,113,44,95,60,124,76,120,104,62,100,95,35,103,62,65,75,93,100,134,99,104,124,94,52,50,95,96,100
94,29,63,88,87,111,51,65,74,16,47,35,77,46,99,61,94,73,72,103,61,95,82,36,111,58,44,61,93,101,115,88,116,110,56,31,47,95,83,100
90,33,56,85,89,107,51,49,87,19,49,24,63,48,106,58,71,73,56,102,60,75,70,39,123,55,50,46,92,110,94,41,137,81,53,26,44,93,75,100
90,35,58,83,88,105,50,33,121,24,54,19,55,47,108,55,44,74,57,102,57,72,67,41,127,85,58,45,92,123,79,35,110,132,53,29,44,91,72,97
95,36,53,86,86,105,51,35,117,28,117,22,52,46,108,49,39,73,59,100,59,117,70,39,120,116,63,55,92,134,82,36,116,192,53,29,42,113,68,96
94,34,54,102,84,147,52,39,120,27,137,29,94,128,119,80,42,74,79,75,135,120,76,48,122,123,80,72,91,141,97,34,129,198,49,31,40,128,121,96
94,38,56,125,81,211,53,48,138,25,111,37,124,160,134,162,80,73,139,71,163,108,62,158,125,130,123,77,92,146,106,33,128,194,85,39,35,127,199,96
71,39,103,106,126,154,78,72,113,129,50,90,112,46,121,51,52,121,48,115,94,41,96,38,120,116,45,102,68,81,36,37,88,24,51,59,120,107,87,124
59,38,67,55,121,155,79,55,104,118,51,53,113,48,115,39,50,120,47,73,62,33,65,38,108,124,38,100,53,62,32,36,98,26,47,63,111,97,83,124
64,59,50,51,109,120,78,60,86,71,49,79,79,49,96,39,54,122,55,33,68,61,70,38,78,122,33,96,78,56,47,52,77,27,77,62,97,65,59,128
104,124,57,34,115,91,81,80,50,41,45,83,84,45,106,34,65,136,107,36,66,92,86,50,80,110,40,95,104,55,89,116,61,26,89,44,77,60,64,156
118,151,44,45,108,94,95,72,38,44,47,99,133,49,107,35,61,149,170,33,79,101,76,66,86,120,82,133,93,50,141,128,43,47,111,43,105,49,87,171
120,157,62,54,128,86,98,50,53,56,40,105,141,58,117,53,74,143,201,30,57,111,84,73,87,134,129,166,55,49,174,139,34,88,155,85,140,40,83,150
106,150,125,43,159,76,64,65,76,74,41,120,137,86,146,85,95,161,211,28,49,117,76,75,95,125,163,181,47,76,193,132,34,111,171,136,141,28,99,122
97,153,131,54,167,91,48,107,110,88,45,150,139,99,146,106,124,146,214,24,91,122,75,87,91,122,177,147,65,115,203,138,30,125,167,147,142,38,125,137
94,160,110,77,172,131,53,146,118,97,54,157,140,91,138,121,143,113,201,31,120,103,128,95,83,121,186,86,72,121,201,162,29,135,161,150,140,118,142,156
109,170,102,63,171,162,67,181,110,92,82,157,142,97,131,132,156,99,131,54,123,105,174,96,75,109,177,158,74,119,182,188,43,95,160,152,138,160,141,163
128,168,112,62,163,161,86,188,88,92,135,155,128,73,126,122,166,106,150,59,120,129,185,85,87,78,152,133,63,133,142,197,112,88,151,212,118,160,127,172
130,159,119,85,146,159,112,192,66,112,174,153,114,82,125,111,160,133,150,55,114,97,186,86,123,70,164,168,67,126,161,196,137,105,111,144,108,157,87,183
136,146,118,117,130,159,135,198,60,128,189,146,116,136,120,112,140,117,196,48,105,79,151,96,153,68,188,179,90,89,156,195,133,137,101,100,102,156,65,119
145,135,127,149,122,157,132,202,62,146,204,127,137,149,145,131,106,107,213,72,94,117,109,103,160,74,192,179,123,127,169,199,150,124,52,91,121,131,68,85
145,115,125,139,122,153,150,202,68,177,203,132,161,153,159,147,77,147,198,100,101,132,98,96,159,84,199,158,144,156,167,200,160,135,86,137,138,115,115,115
137,75,116,130,174,156,141,197,92,183,195,165,162,158,146,148,99,170,199,135,125,133,145,85,155,85,177,183,127,156,190,199,148,146,135,137,129,147,140,135
127,99,104,127,186,161,119,190,117,173,189,169,150,173,138,148,125,166,186,135,115,144,191,76,153,75,194,166,104,147,182,195,134,147,178,139,139,166,150,162
121,146,103,125,172,170,129,183,117,155,171,148,131,119,132,150,149,160,181,127,99,134,184,77,149,73,181,160,109,136,171,187,121,140,169,144,119,149,140,183
118,139,109,123,159,166,150,180,117,136,141,128,122,36,129,125,160,150,175,112,82,107,171,75,144,61,164,102,124,130,164,176,113,135,147,143,106,137,113,178
114,138,74,111,133,161,126,183,90,127,122,114,133,35,125,99,148,144,167,110,67,97,159,58,141,47,179,58,108,135,157,173,122,135,111,131,86,132,100,146
99,139,34,92,122,154,49,184,72,128,113,101,148,36,119,90,147,138,163,106,62,103,141,49,135,52,184,113,93,137,151,124,127,129,80,124,70,115,106,120
81,119,44,83,121,150,47,173,71,118,102,69,133,37,112,94,118,125,153,107,60,99,127,40,118,63,152,150,94,136,146,66,120,123,91,127,63,103,108,124
83,69,29,101,111,138,50,140,66,80,76,32,114,39,105,103,92,104,139,104,60,91,123,35,104,59,115,113,94,126,142,82,110,124,59,110,56,96,103,103
103,33,25,119,92,121,50,120,73,33,68,24,85,41,106,106,111,80,140,102,60,86,104,36,107,58,124,74,94,116,139,31,101,125,53,68,56,98,89,95
116,32,34,117,88,121,50,118,144,23,97,24,73,36,109,99,99,71,153,102,64,93,75,35,118,72,144,66,93,120,124,31,108,136,54,30,52,111,74,95
117,31,60,112,87,166,52,102,154,23,154,23,100,77,111,101,61,72,161,120,119,160,65,38,130,86,159,49,92,125,99,29,120,181,53,25,45,107,75,96
113,54,84,108,85,191,54,83,126,22,171,26,121,177,115,155,50,73,167,135,163,178,49,81,128,91,170,42,89,134,88,28,126,204,54,53,45,110,170,90
110,128,92,106,86,197,55,76,113,33,163,28,145,177,124,162,69,64,169,185,160,139,49,169,121,98,172,60,115,145,86,29,125,192,154,80,43,112,199,86
65,39,60,98,123,156,85,60,115,131,51,70,113,46,121,40,52,121,46,95,87,32,77,39,108,120,41,94,60,82,35,36,95,25,50,52,116,106,75,124
56,47,56,65,118,140,88,53,95,81,51,72,107,43,110,39,49,129,63,42,63,42,60,45,89,123,34,98,46,61,41,44,83,26,39,52,103,83,61,124
82,118,56,51,129,92,80,61,55,35,38,102,112,33,110,34,50,145,108,46,80,84,63,53,84,101,31,94,75,47,67,103,90,26,62,53,82,68,67,145
127,159,54,38,120,96,85,72,38,41,42,106,153,39,123,28,58,170,170,46,65,102,67,63,74,105,109,157,96,54,90,124,58,36,87,44,112,72,92,161
153,150,46,48,119,71,88,55,50,49,41,109,156,80,114,68,54,141,194,34,66,112,59,80,68,117,165,180,91,61,159,134,46,71,128,77,153,64,99,147
150,159,57,73,156,72,86,66,91,77,50,109,158,124,146,114,73,118,202,30,60,116,60,91,94,128,179,184,89,70,175,118,41,105,179,137,154,43,113,154
141,151,135,62,173,75,61,124,132,111,63,162,159,146,153,133,107,112,205,28,100,118,75,98,123,145,191,188,112,116,182,139,36,126,187,155,158,31,141,158
137,160,151,82,181,88,80,171,155,137,95,189,159,147,153,143,130,118,208,39,137,128,127,104,133,162,197,146,136,149,189,190,29,138,182,169,161,63,150,169
141,165,143,101,181,141,112,187,147,154,168,186,164,145,153,147,143,127,175,78,139,103,177,105,137,162,194,92,143,149,176,207,28,135,175,173,172,165,149,182
147,176,138,94,179,170,143,194,138,155,200,179,169,146,148,153,162,147,118,118,135,98,191,94,143,144,155,155,136,144,157,198,43,114,175,180,154,185,148,177
142,174,142,134,171,177,149,182,131,154,187,172,150,146,142,151,177,152,149,136,136,113,194,72,157,124,145,111,97,145,127,198,106,120,176,213,132,183,125,186
133,149,139,166,125,177,182,185,127,115,154,171,141,130,108,117,171,149,127,136,138,79,195,74,163,113,154,153,99,117,129,199,127,135,127,202,124,183,75,190
127,147,139,168,124,175,196,189,130,132,187,154,107,127,104,136,156,127,153,122,120,90,147,75,165,126,173,177,88,81,130,198,96,146,69,94,103,175,52,122
147,167,146,166,108,154,148,200,131,139,206,111,132,120,136,167,117,95,184,138,97,104,91,112,169,145,189,172,120,97,153,195,129,141,68,107,156,125,63,67
161,175,159,157,123,143,183,203,135,172,204,130,159,116,174,159,99,127,176,140,82,120,85,124,175,149,193,159,155,145,165,203,171,134,113,156,160,94,109,94
159,168,155,150,170,144,180,202,142,190,206,165,175,120,158,159,106,174,175,135,129,130,147,113,179,137,189,150,149,165,162,205,165,153,138,167,138,139,139,133
149,154,142,141,190,182,174,200,133,190,203,187,167,128,148,170,134,186,176,125,149,135,189,105,178,128,177,126,121,160,162,199,148,150,179,149,145,170,150,165
143,151,121,130,186,186,163,194,122,186,195,183,144,123,142,179,163,183,175,126,126,124,189,102,175,119,182,133,106,151,151,192,129,142,173,167,139,169,138,187
139,161,103,128,177,179,150,189,115,174,195,171,137,70,134,183,152,175,173,127,106,113,185,99,163,97,184,87,104,141,145,185,111,143,150,167,114,146,118,169
135,163,103,127,161,176,141,189,111,161,185,132,145,49,129,173,146,164,165,126,96,107,174,93,154,75,182,63,109,137,142,182,130,141,125,161,98,146,110,143
125,156,98,119,150,175,108,189,101,150,176,110,146,40,131,156,144,161,145,121,89,103,157,87,157,65,163,117,107,143,139,183,140,136,104,151,86,147,115,146
113,153,70,102,140,169,67,187,89,149,165,116,146,35,128,147,97,158,138,114,75,91,137,80,149,57,141,139,97,139,134,177,132,123,105,136,71,127,100,128
88,148,63,80,130,167,59,176,94,147,149,85,131,36,119,136,85,151,137,124,61,82,127,66,127,48,140,149,94,134,127,139,122,112,67,129,73,111,95,144
76,100,79,86,117,151,61,142,108,117,123,75,115,36,117,138,119,134,139,126,51,78,130,48,107,45,133,134,94,116,124,109,116,111,53,122,83,99,93,123
85,51,88,110,102,134,59,115,124,88,88,84,86,82,117,160,110,95,133,129,45,74,106,59,97,41,126,88,93,103,121,126,94,105,55,99,75,80,88,114
114,64,92,118,115,137,56,121,131,94,80,82,53,152,107,175,90,72,134,157,60,71,67,112,106,46,146,59,92,112,109,119,92,116,51,79,68,100,121,92
130,100,103,122,122,145,55,119,137,100,138,76,72,169,103,173,64,73,139,133,71,135,74,162,120,64,164,42,99,122,103,105,111,181,78,64,60,119,182,45
130,85,115,121,124,153,55,114,121,103,187,64,94,167,114,157,65,62,139,145,138,161,96,195,126,78,175,66,159,133,102,109,125,193,175,45,55,120,186,45
52,38,81,106,116,150,83,59,106,109,51,71,112,45,120,41,47,135,51,78,74,30,76,46,96,124,42,94,44,67,35,38,75,24,72,54,115,93,51,123
44,84,73,71,129,100,90,51,67,47,40,98,119,58,105,38,45,145,85,63,69,64,45,50,67,111,26,94,37,55,39,86,92,26,43,44,89,74,51,125
83,137,73,54,136,96,98,56,41,34,40,124,163,79,91,33,45,160,125,48,78,97,49,59,64,111,88,152,53,42,54,122,99,28,52,43,97,88,55,144
152,151,51,50,125,104,93,59,38,43,43,111,171,96,120,66,45,136,177,41,57,108,42,61,69,101,163,189,91,51,101,113,68,61,85,49,158,82,82,123
170,172,56,39,135,79,79,78,87,55,47,116,173,141,146,115,51,108,189,34,56,117,43,78,112,128,175,192,91,81,160,87,59,97,146,110,169,81,119,119
169,168,66,66,172,78,83,129,134,96,61,138,175,165,158,128,68,112,194,28,76,120,59,98,154,168,185,189,101,87,172,124,50,121,188,156,168,48,153,159
165,168,164,81,186,88,126,183,159,136,74,184,173,175,162,137,105,123,195,29,131,123,104,112,166,180,191,194,100,133,179,193,40,138,191,171,167,42,166,179
163,156,175,132,190,88,169,196,167,166,169,193,172,179,168,147,126,150,201,61,156,138,162,110,172,181,192,171,126,164,170,205,33,150,187,175,171,119,156,173
162,158,168,144,189,133,181,201,161,178,208,192,177,175,166,158,149,165,167,132,158,98,192,114,178,182,182,102,146,163,139,183,33,125,184,179,184,188,156,171
161,183,164,158,190,175,183,191,153,183,189,191,181,155,166,164,167,175,105,165,149,81,198,86,178,168,135,125,142,161,155,192,64,110,183,161,156,191,150,183
160,172,163,175,178,196,148,180,147,135,110,190,142,152,141,150,181,183,123,152,148,105,200,75,177,150,146,94,84,164,131,191,137,103,182,107,165,190,124,196
144,144,134,171,122,199,150,174,146,116,154,193,146,166,95,98,184,155,91,114,147,49,200,60,173,144,134,133,81,116,125,194,129,133,155,155,121,191,70,194
121,172,138,177,122,186,147,161,147,148,163,162,98,176,88,150,167,111,98,138,115,74,133,64,154,161,153,171,117,79,138,165,77,135,78,89,116,183,41,148
125,133,142,179,92,150,115,187,128,91,185,118,141,169,118,141,135,109,152,143,90,90,87,87,146,171,177,168,131,71,128,194,98,132,61,126,159,120,58,64
157,152,172,173,129,146,175,203,110,136,206,96,163,156,179,140,107,152,162,157,85,121,100,120,169,170,180,177,130,124,143,196,160,132,107,156,181,88,109,69
160,164,188,162,173,127,183,203,152,191,204,145,178,152,173,170,111,175,160,159,124,136,155,121,189,160,170,177,142,161,131,204,181,145,156,174,159,153,143,134
155,162,182,155,192,170,174,201,166,200,204,189,169,143,158,173,147,196,165,129,151,130,185,122,188,154,152,96,127,167,134,205,162,153,177,169,153,165,137,176
155,158,165,150,194,199,174,199,154,199,204,195,150,131,155,189,146,193,170,114,145,120,190,120,182,153,169,81,111,163,125,195,134,131,162,179,151,170,125,181
154,178,136,140,183,192,167,196,138,193,204,188,151,122,146,190,157,186,190,115,131,100,189,115,171,145,161,94,112,157,118,183,116,121,131,173,111,166,114,152
153,174,103,133,172,184,168,195,128,183,205,165,161,104,136,186,149,184,141,124,119,89,182,110,158,125,148,71,118,152,117,181,133,126,115,160,90,162,121,162
146,169,110,133,170,191,163,193,115,171,199,126,133,83,140,178,106,185,92,134,112,79,174,104,160,105,110,128,121,155,118,182,132,125,106,166,75,156,125,171
135,165,116,126,178,183,148,191,110,163,179,135,136,52,143,165,72,175,141,124,101,71,144,100,162,75,134,124,120,149,122,178,122,101,128,165,84,145,83,104
123,155,85,112,162,177,117,186,94,153,168,117,146,39,132,154,88,167,137,118,84,88,119,95,145,60,156,108,107,142,133,175,129,87,130,153,86,125,82,132
97,150,65,83,137,175,106,177,95,147,155,69,133,67,119,139,115,172,129,126,70,88,145,91,121,46,148,134,99,135,133,162,130,109,79,131,79,112,106,158
84,136,76,71,113,155,112,132,118,114,119,65,116,85,121,124,130,156,125,128,63,80,126,86,107,38,133,105,104,114,119,156,123,107,53,117,76,98,100,159
79,129,97,98,94,130,118,109,142,90,73,81,65,78,117,138,110,108,114,124,58,65,93,76,91,31,121,56,112,99,112,167,87,103,61,100,73,105,114,146
110,122,107,114,108,123,114,117,147,104,54,94,45,75,99,172,80,83,113,138,47,70,68,90,97,40,134,41,134,112,94,160,80,124,110,117,63,128,115,105
131,118,104,123,118,134,115,115,145,113,114,103,61,69,96,181,65,93,115,156,34,110,79,120,112,54,141,47,159,121,100,154,104,182,165,120,58,148,125,109
45,45,90,102,124,126,80,58,72,41,48,94,111,63,117,44,43,146,59,68,65,38,66,44,93,118,43,95,48,49,32,73,74,24,90,54,111,68,39,123
50,119,102,64,138,89,94,43,44,33,36,104,150,89,95,38,39,158,66,69,66,79,45,52,67,113,56,128,41,45,44,116,112,25,52,37,91,96,35,124
117,143,97,61,127,92,105,47,37,43,46,119,178,86,94,50,46,134,113,48,53,102,44,63,67,106,146,187,44,38,57,117,112,36,65,32,147,94,43,110
167,155,63,61,117,95,97,62,47,43,47,101,183,145,126,106,44,110,169,37,42,113,32,70,95,113,171,195,85,41,122,66,84,81,93,59,179,78,92,90
168,169,49,42,140,83,98,114,85,70,51,121,185,180,157,125,56,138,184,34,47,128,35,84,123,140,186,196,102,73,153,82,72,115,151,131,183,89,142,103
176,152,96,62,179,75,103,176,141,127,55,174,187,189,163,131,69,174,185,28,88,132,67,96,179,186,188,194,100,92,151,174,72,128,195,175,182,63,162,148
179,161,178,106,195,85,153,200,171,167,129,200,183,193,173,139,91,187,186,24,147,133,122,96,187,190,186,197,81,138,162,197,68,139,193,182,179,74,159,166
177,147,183,170,194,87,182,201,177,183,199,198,184,191,177,153,124,191,191,31,169,156,180,105,188,181,193,191,96,154,155,196,43,140,190,177,176,162,153,187
173,168,183,179,191,124,191,203,171,189,198,193,188,178,176,164,147,192,162,99,172,102,197,124,189,180,180,164,120,162,120,166,42,110,188,186,181,193,157,193
174,194,186,180,193,183,191,175,165,192,151,192,187,161,177,168,168,192,98,182,162,70,201,89,189,180,126,136,131,166,131,165,77,85,188,160,153,195,150,189
175,159,170,181,182,206,148,177,165,126,85,193,141,136,151,158,179,192,101,142,163,81,203,82,191,172,141,105,76,176,106,179,131,94,184,77,158,195,124,200
155,152,129,176,128,208,119,158,166,126,171,197,111,154,97,103,180,165,103,89,157,65,199,47,188,164,92,149,52,122,88,139,127,108,173,106,125,191,84,195
122,172,130,171,110,196,129,136,169,124,147,154,90,160,81,132,167,92,103,142,108,95,136,54,153,164,123,190,77,65,110,120,71,122,121,67,127,172,47,166
113,105,135,182,125,154,136,156,110,106,184,109,131,189,122,121,159,75,159,150,78,109,104,84,125,167,157,198,134,69,116,190,78,123,80,123,164,100,67,112
151,138,176,185,154,158,162,193,102,136,200,90,162,183,170,149,161,137,162,176,81,128,151,105,144,168,180,198,116,119,131,187,133,132,123,157,183,69,120,84
163,149,189,181,177,129,196,204,142,189,200,128,180,169,180,179,171,182,160,157,138,125,167,121,195,170,160,189,135,153,121,189,175,127,162,170,171,153,126,143
159,149,197,167,186,176,168,202,180,204,202,179,159,157,172,181,182,199,162,131,160,119,187,131,193,168,152,115,143,170,111,192,170,108,170,179,161,170,117,168
160,138,182,164,175,198,166,201,179,202,201,200,152,162,165,180,187,199,192,105,152,127,189,132,192,160,162,94,134,166,106,177,134,96,153,184,160,179,115,168
164,172,164,161,170,194,137,198,168,197,199,191,162,139,156,179,194,191,185,118,138,117,186,131,182,156,167,94,134,157,97,154,124,121,119,168,125,179,109,159
162,173,125,147,159,189,143,195,150,187,182,154,166,106,143,175,191,187,117,118,139,124,182,123,155,154,159,86,137,164,102,159,140,124,96,132,98,166,114,107
158,172,110,139,128,198,165,195,135,177,148,133,120,93,134,172,129,176,93,125,140,89,179,112,127,125,119,145,126,154,111,169,121,81,100,126,74,156,117,151
149,167,129,140,139,187,155,197,119,175,151,153,114,83,132,160,89,148,175,132,128,111,138,116,129,102,154,140,114,142,120,160,112,76,85,170,92,145,87,103
141,152,122,130,181,175,141,189,106,170,172,170,143,66,141,167,109,158,140,135,123,120,102,115,143,79,171,94,106,146,137,159,138,125,135,165,78,129,68,96
121,145,94,115,170,187,105,186,83,168,165,131,146,53,133,169,103,187,119,139,101,106,154,97,131,58,153,115,107,147,133,162,127,139,130,146,59,113,112,130
94,142,59,79,148,172,87,166,74,151,135,75,157,39,117,144,116,179,125,128,86,96,139,95,120,44,149,106,104,138,124,137,143,129,92,124,79,101,93,160
87,129,65,68,106,150,108,117,112,99,107,47,123,43,112,123,91,165,110,97,85,83,117,90,104,34,139,58,107,111,108,146,126,117,134,98,81,85,96,179
77,127,92,99,83,129,115,115,155,87,65,63,60,35,104,129,87,109,89,107,94,57,71,85,93,27,107,42,113,102,92,148,79,100,159,92,70,84,113,137
115,136,112,112,97,120,121,117,159,101,38,83,46,50,90,171,81,68,95,145,76,66,57,107,92,41,127,35,116,112,75,143,81,138,148,117,63,106,92,77
40,75,99,90,128,113,83,60,57,27,47,110,120,78,109,46,42,156,66,61,53,47,76,41,95,114,38,106,63,40,35,105,90,23,112,71,96,66,34,125
81,141,107,65,118,95,101,42,47,32,41,106,170,83,81,38,39,149,63,57,72,84,61,50,70,103,94,169,54,36,52,118,101,26,66,69,119,95,40,117
149,148,108,68,108,92,89,44,39,45,44,99,186,99,74,64,54,109,99,51,65,106,44,64,68,108,159,190,46,36,79,83,122,53,70,38,173,80,46,91
171,149,77,68,125,80,88,77,46,42,45,91,191,178,92,115,48,122,167,51,38,128,35,74,87,127,176,195,71,38,129,33,103,100,87,68,186,69,69,82
169,155,62,47,150,82,94,148,85,104,54,134,191,189,130,131,55,168,179,47,44,142,38,88,123,150,187,198,84,61,136,123,96,126,115,144,196,93,98,94
176,157,126,76,181,68,98,193,133,171,105,196,195,190,153,134,67,190,180,37,106,145,70,85,183,185,188,196,85,95,138,180,103,129,169,173,197,80,121,126
180,168,185,131,200,77,164,200,179,192,184,205,195,192,177,144,90,197,181,39,164,141,137,85,196,196,190,198,81,142,144,179,103,135,195,182,194,99,136,168
184,154,191,180,197,82,196,202,185,195,195,202,192,192,183,161,119,199,185,62,178,164,196,110,196,192,198,200,81,153,138,189,62,141,193,182,193,164,141,186
183,177,190,183,192,129,198,203,180,196,195,198,194,170,185,167,146,198,161,109,177,110,202,127,195,184,191,195,99,158,108,155,47,113,188,189,187,196,145,198
185,193,193,182,195,197,198,158,172,200,152,195,192,161,185,167,171,199,117,186,169,70,204,92,195,183,130,177,114,170,170,148,75,105,188,163,148,200,145,203
180,152,172,183,192,211,137,163,170,133,84,197,164,109,160,170,177,201,118,130,171,76,206,77,195,182,117,160,83,181,108,170,124,117,185,85,119,200,124,201
161,130,131,177,153,216,94,157,179,120,143,198,143,144,93,120,166,185,85,81,167,77,200,53,175,174,89,202,57,133,55,98,135,59,172,94,125,194,109,195
129,122,119,164,106,210,115,162,163,117,105,136,120,172,74,125,157,108,116,132,124,107,157,68,141,168,116,186,78,59,93,107,61,108,148,88,132,167,112,174
138,100,152,169,117,145,108,159,100,64,175,98,142,186,120,79,168,95,173,138,76,125,116,87,107,165,149,174,122,65,113,172,53,112,118,120,178,93,120,173
148,126,170,186,152,134,162,174,86,132,194,98,165,190,171,114,170,151,191,166,113,125,139,106,142,162,181,177,118,111,130,178,111,132,127,153,184,90,135,188
165,147,187,196,156,146,182,204,118,190,198,127,156,165,181,161,187,178,168,144,146,132,169,131,182,177,146,168,146,150,117,179,169,104,153,155,172,154,144,191
165,133,199,186,148,187,151,204,172,204,199,176,144,161,173,175,194,193,144,137,160,109,171,142,196,180,152,90,147,169,101,162,166,63,157,179,154,174,153,192
166,124,193,175,120,199,134,202,190,202,190,199,136,181,167,167,192,181,179,103,139,108,167,135,195,173,176,99,143,154,101,132,124,103,159,176,159,186,151,193
167,166,178,168,141,184,121,197,187,195,187,173,138,168,162,171,194,169,168,112,111,129,133,127,180,162,188,98,148,155,113,138,142,136,136,154,127,173,119,175
166,172,149,157,168,176,115,193,175,190,126,152,167,141,146,173,173,177,121,134,131,128,122,118,139,158,173,82,149,171,132,149,152,103,76,110,97,160,76,93
162,169,135,148,114,193,139,195,158,171,116,142,140,104,121,165,144,163,105,139,129,93,163,111,120,145,154,137,127,155,116,136,119,83,91,125,99,163,81,99
158,138,147,148,95,182,144,194,135,157,153,118,104,84,108,148,100,123,155,140,104,124,146,109,102,115,131,149,87,120,140,167,87,130,54,160,118,153,88,102
151,150,133,141,165,142,132,189,117,184,169,167,139,63,131,159,129,136,117,134,138,125,101,113,114,86,150,103,100,144,136,170,131,133,100,169,88,116,52,109
139,147,121,130,169,185,115,188,102,179,174,170,125,46,141,174,117,177,104,130,133,105,139,96,146,70,147,124,105,151,125,171,116,129,120,153,67,115,106,122
115,148,101,108,170,182,94,187,74,176,164,157,164,45,139,179,108,178,137,135,119,99,135,89,145,58,154,117,117,151,126,158,137,122,130,135,85,113,94,134
92,145,55,69,142,170,80,144,70,137,125,87,158,67,117,154,66,176,103,105,83,110,138,94,118,40,149,67,99,130,113,129,145,106,96,105,82,121,73,184
84,122,61,83,86,145,93,114,116,88,83,42,105,84,97,125,89,159,58,87,69,70,107,90,103,30,113,46,96,104,91,132,96,97,84,80,74,84,109,150
91,123,87,106,83,128,108,117,154,92,47,55,49,94,92,128,93,90,75,115,91,41,59,100,97,32,87,42,105,105,64,135,76,96,116,104,62,78,107,69
76,99,121,93,121,103,94,61,54,28,45,99,133,74,98,41,46,146,68,68,68,50,70,44,97,108,33,136,62,35,41,107,85,23,140,60,98,79,35,125
109,146,104,82,100,103,84,47,46,34,41,106,180,82,74,38,37,127,64,77,67,83,49,46,78,95,101,185,61,32,59,108,101,38,92,51,157,97,45,113
169,144,105,81,82,96,84,45,40,46,41,106,197,130,68,60,49,109,90,73,66,113,61,58,64,107,158,192,60,32,105,50,106,72,72,50,182,78,47,82
177,145,85,80,113,77,82,95,52,46,36,96,196,191,58,115,43,131,170,63,50,139,53,66,72,122,173,200,65,37,126,51,101,110,79,80,191,77,55,77
173,148,82,64,161,89,81,175,107,119,76,162,194,194,91,136,47,172,180,71,41,148,51,76,136,140,184,200,63,50,133,141,97,127,80,144,202,104,65,92
177,159,142,98,188,70,115,199,149,176,161,205,198,191,130,141,76,193,180,60,88,145,86,79,186,178,187,198,72,88,135,166,87,126,132,165,200,74,77,113
182,176,196,166,199,76,180,201,185,199,190,206,199,197,179,151,105,201,182,56,160,143,159,97,201,199,191,199,82,142,142,164,101,132,191,177,195,108,96,149
188,163,196,193,197,89,197,202,191,202,185,205,197,197,191,165,122,203,184,81,184,157,197,120,198,197,198,198,85,161,138,174,80,146,194,184,197,158,127,184
190,178,196,192,196,141,201,205,185,201,196,202,199,141,189,174,149,202,165,127,180,131,204,127,198,190,197,193,92,169,90,157,53,123,189,190,192,196,148,196
192,197,198,190,197,197,203,152,177,205,165,199,197,142,189,169,180,204,144,188,173,97,206,105,198,185,160,176,112,173,127,139,61,76,187,165,157,201,143,197
193,146,163,187,198,216,143,144,175,146,77,201,176,99,169,175,183,205,190,130,171,108,205,82,200,184,117,140,107,182,92,162,102,90,184,128,141,201,114,200
166,123,118,176,180,217,106,152,187,109,121,202,170,140,95,139,170,197,114,63,165,111,200,66,165,179,94,141,79,146,63,119,143,68,172,166,160,195,110,193
114,120,103,156,158,217,121,124,157,132,128,135,122,192,93,116,157,153,133,109,141,119,182,75,123,177,132,145,76,68,87,122,71,97,163,97,145,169,160,170
124,130,128,147,156,177,122,136,92,125,169,87,119,192,137,120,180,106,170,137,94,124,166,95,91,161,157,163,119,79,121,170,56,126,186,130,175,96,156,161
155,141,174,184,159,176,152,165,80,159,195,136,135,192,167,123,156,137,201,153,88,124,168,115,136,145,158,162,143,112,138,186,95,130,193,154,167,87,142,181
162,139,190,196,162,147,147,203,122,197,201,135,131,139,172,146,158,171,152,139,125,146,178,130,170,174,160,166,140,150,107,173,167,82,191,141,159,146,136,173
169,118,198,196,154,182,146,203,148,202,185,183,146,151,158,161,180,174,110,141,130,87,177,132,197,193,166,115,130,165,98,143,155,62,191,138,122,176,133,163
170,146,195,185,82,177,150,199,189,201,186,188,151,173,148,166,180,165,161,104,127,95,180,110,196,183,161,120,126,135,119,154,128,128,196,158,133,159,120,160
168,169,181,175,130,166,144,195,194,196,154,141,94,122,151,170,180,108,138,126,82,124,117,120,168,173,156,98,129,146,141,183,131,138,177,149,117,145,105,152
170,173,150,163,178,148,104,196,187,195,114,162,113,106,146,170,161,115,114,156,92,122,85,117,133,157,169,73,149,163,142,108,153,100,98,114,95,164,77,85
167,158,141,161,122,150,110,190,174,174,105,172,151,124,125,143,109,168,80,137,128,82,152,96,130,149,153,119,126,157,112,100,124,117,90,150,118,164,56,106
163,108,154,157,130,190,161,178,157,149,138,82,112,94,106,145,80,139,115,138,61,110,161,70,105,133,107,154,79,108,144,176,71,123,83,162,133,142,75,90
157,158,153,150,164,140,156,194,133,186,150,138,148,62,130,138,117,139,82,138,102,123,111,99,113,99,122,129,97,117,124,169,123,108,99,166,96,101,65,111
151,148,142,138,169,164,141,188,108,183,138,167,121,51,138,158,123,156,89,135,110,93,123,100,161,81,109,144,97,142,114,169,109,118,114,153,72,127,93,120
133,140,132,126,174,181,121,195,90,191,140,169,153,43,149,187,110,169,129,127,136,78,128,99,169,62,151,115,123,165,120,164,134,113,150,135,92,116,97,126
110,152,90,90,164,187,99,177,68,174,118,173,164,36,133,181,65,183,90,114,130,97,147,92,154,53,145,81,109,148,116,129,151,87,133,109,103,138,61,184
90,133,51,70,113,165,76,120,76,108,93,89,128,33,102,158,99,177,47,90,70,67,123,99,111,45,115,61,88,113,86,120,105,67,71,78,89,117,86,154
83,109,63,96,78,131,85,113,123,90,49,45,58,78,88,127,90,129,49,90,63,38,65,96,97,35,62,48,94,98,61,147,71,84,51,86,71,68,92,76
105,122,121,97,109,101,87,59,61,29,42,100,146,56,86,36,46,129,64,62,63,56,64,43,94,102,31,164,59,32,39,111,69,26,153,45,116,85,42,125
116,148,113,98,87,108,85,43,43,33,34,103,185,87,69,37,36,108,63,72,73,86,39,45,82,92,92,191,60,27,70,104,82,58,111,51,172,108,49,129
180,142,99,81,79,116,88,45,43,44,35,103,206,146,60,50,40,106,95,70,75,116,74,56,72,112,158,195,66,29,118,47,80,87,66,45,185,105,61,85
183,139,82,79,109,94,73,105,52,53,31,110,197,197,44,108,51,140,173,51,84,137,64,66,80,111,171,200,65,41,126,71,86,109,67,86,190,98,58,88
179,140,97,81,164,92,79,186,99,133,117,162,196,198,77,142,68,182,186,51,60,148,37,74,142,122,182,200,54,57,134,148,87,124,87,153,199,92,69,107
186,161,170,129,192,72,132,201,163,174,168,204,202,194,107,153,83,200,189,47,58,143,80,89,192,176,185,199,61,83,136,160,58,127,145,167,199,60,71,128
187,171,203,186,198,84,185,204,193,199,185,206,199,199,157,163,122,205,187,53,128,145,141,118,201,203,185,199,82,127,140,156,74,127,195,181,195,96,69,127
190,167,200,201,199,81,192,203,197,203,178,205,197,200,191,171,133,204,187,97,175,165,190,127,198,200,193,201,85,156,144,160,75,146,198,188,198,154,91,172
194,178,202,201,198,122,199,207,194,202,192,204,198,147,188,178,157,204,182,132,179,138,202,137,200,194,200,185,101,161,106,166,57,131,194,190,197,198,130,196
197,192,203,199,197,185,205,156,184,205,177,202,199,137,185,176,190,204,145,195,174,113,205,125,200,192,187,125,120,172,96,154,49,72,190,166,174,200,148,198
193,159,161,190,197,212,156,132,181,172,107,203,184,141,179,181,190,204,185,123,168,134,203,93,200,190,143,127,125,182,62,162,77,85,185,120,149,197,119,202
152,119,109,174,187,216,175,138,192,125,137,203,142,143,122,176,171,201,190,48,163,135,197,67,167,188,111,151,112,148,64,146,133,100,172,142,127,194,99,195
118,123,134,153,197,217,109,72,154,147,129,158,127,189,93,149,151,188,181,88,151,131,181,77,104,189,133,147,99,95,106,163,89,120,162,151,125,175,112,163
150,133,167,136,199,206,122,112,75,153,177,100,136,187,126,157,156,178,187,119,161,134,197,98,106,162,126,155,141,80,141,185,45,140,184,163,134,121,119,115
147,128,179,179,189,195,146,173,68,185,190,118,143,162,153,127,179,183,178,143,159,146,201,114,136,136,171,162,149,116,137,195,86,107,197,156,148,126,108,102
162,139,197,194,197,149,172,203,118,193,191,153,158,129,146,142,155,187,137,143,154,154,192,110,168,168,188,169,148,150,119,170,153,119,196,80,145,163,103,134
171,162,198,199,193,161,155,201,143,186,160,183,177,170,140,160,166,192,103,134,156,98,192,111,198,195,198,145,159,153,124,138,150,85,192,129,90,166,105,157
169,111,185,193,122,170,141,195,190,164,140,185,182,146,126,160,187,199,88,119,171,68,194,96,188,191,162,159,131,144,139,183,146,122,192,156,82,162,106,151
174,139,158,181,142,185,133,196,194,177,115,160,143,93,112,159,177,149,111,158,112,114,139,83,147,183,107,143,69,112,148,156,79,142,172,133,104,138,78,143
170,177,158,172,175,163,124,203,189,199,112,120,81,148,141,164,168,97,113,153,79,108,108,96,151,166,112,87,98,118,133,85,129,93,117,122,93,99,64,100
172,126,162,167,140,109,111,174,175,178,83,161,140,178,125,131,117,156,69,128,133,72,143,105,141,147,134,110,123,151,88,111,131,111,117,148,135,148,67,125
164,84,136,163,165,185,147,126,163,139,111,118,125,147,102,145,83,148,100,115,87,131,175,75,124,147,102,160,76,93,117,153,79,106,119,154,132,127,75,102
150,132,154,159,181,156,163,182,153,181,129,125,157,100,129,122,119,149,69,118,93,116,122,99,116,108,110,156,94,127,115,141,114,92,113,162,93,80,69,91
159,131,157,142,181,162,157,183,125,180,84,149,125,64,137,141,141,151,91,141,102,71,121,105,153,74,82,132,82,122,110,155,104,111,122,160,95,119,78,115
140,133,149,132,175,176,155,195,103,198,96,154,145,50,159,173,137,164,119,123,125,52,135,114,174,68,134,100,116,170,125,151,125,102,161,137,112,101,88,137
129,148,134,111,167,201,131,188,84,190,94,178,165,34,146,172,93,188,96,105,144,92,155,101,171,64,135,74,103,156,111,110,149,76,151,109,103,149,63,181
104,128,74,69,127,183,96,128,65,129,77,157,134,25,109,172,109,179,52,102,94,75,118,109,137,59,117,70,80,121,81,86,105,55,105,80,82,120,85,150
91,100,55,85,77,141,80,101,86,85,47,62,64,45,86,153,100,140,43,81,49,40,65,110,91,46,58,45,79,85,58,92,72,52,67,65,65,71,73,76
93,99,92,98,98,101,78,55,58,32,38,118,163,48,81,38,44,110,64,61,70,61,68,43,103,96,27,169,67,30,27,115,81,27,155,46,116,89,45,139
122,140,119,101,78,111,76,35,44,38,33,104,185,94,77,38,42,93,69,51,69,90,47,48,92,93,70,192,64,23,59,95,72,61,119,38,175,104,57,152
184,144,90,71,87,108,75,47,43,46,35,101,196,147,70,53,44,105,101,58,43,110,76,59,84,111,153,195,57,27,118,47,80,89,62,56,187,98,58,94
185,131,78,72,121,98,56,111,56,56,38,121,192,197,56,108,51,149,177,38,66,129,72,69,90,116,171,199,66,43,125,89,82,109,82,86,193,95,73,106
189,139,112,95,171,88,70,188,117,138,128,161,195,201,78,146,74,189,190,40,61,136,48,84,137,105,180,201,45,65,133,150,83,124,110,161,199,91,75,152
203,159,177,156,194,85,136,202,176,183,167,203,199,196,98,162,112,201,194,48,62,134,86,107,191,173,180,200,62,87,135,160,64,127,173,178,199,68,81,149
201,169,198,195,200,88,184,203,196,199,181,206,198,197,136,171,145,203,189,65,114,143,153,125,202,205,180,200,89,128,137,156,57,124,201,188,197,79,56,125
201,173,200,202,199,85,185,203,197,203,175,205,197,205,179,178,157,204,188,99,161,170,194,131,200,203,184,201,88,155,145,155,70,140,200,190,198,150,59,164
203,184,202,201,196,123,190,207,197,203,180,205,197,185,186,183,168,204,192,125,177,133,203,141,199,198,199,143,116,152,123,168,55,139,199,189,199,198,94,190
199,193,204,203,197,188,199,172,193,204,192,204,198,147,185,184,191,204,163,185,174,103,204,133,199,192,188,97,132,165,97,163,43,97,195,168,190,198,137,198
187,172,173,189,194,210,150,128,191,199,183,204,187,159,184,187,193,204,171,124,166,120,204,120,199,193,153,141,125,176,90,181,69,102,186,143,164,196,124,201
148,143,119,156,177,213,155,139,196,177,193,204,167,154,154,187,163,200,176,54,164,122,186,116,179,193,166,133,130,165,97,192,118,127,151,153,137,192,88,193
111,145,138,156,167,217,156,116,159,160,173,186,161,160,148,183,137,192,173,82,149,127,147,119,108,189,163,156,170,124,130,183,115,127,139,182,138,176,68,152
140,136,160,132,175,212,162,155,62,168,172,143,187,159,149,180,120,200,177,106,153,130,164,117,100,160,182,186,180,100,131,185,68,94,162,178,164,169,86,86
146,170,192,171,175,207,190,190,103,176,180,123,193,166,146,159,137,197,182,144,169,159,175,113,135,134,188,159,180,122,132,186,98,103,185,168,170,198,125,80
169,169,196,187,182,189,188,204,129,175,181,163,192,101,151,158,129,190,146,122,167,148,176,127,172,163,187,174,178,150,162,146,147,147,192,126,161,196,116,121
170,178,190,196,169,209,147,196,149,178,138,174,194,133,161,165,159,194,87,111,170,83,170,136,196,189,187,176,177,159,131,118,152,114,191,140,89,191,102,172
165,121,158,197,125,208,121,185,193,127,100,173,189,117,126,164,181,188,115,154,177,38,166,103,185,197,155,185,134,166,118,156,153,95,191,158,72,195,108,183
164,134,150,190,164,210,114,197,190,127,94,173,158,103,97,173,172,133,135,174,132,99,103,75,177,190,76,169,76,135,140,129,92,109,155,123,117,155,79,148
173,166,170,181,169,198,127,206,179,196,119,102,100,163,142,189,177,124,121,154,104,108,123,95,152,166,59,99,79,86,119,117,77,85,138,126,115,81,76,134
177,111,162,173,152,136,125,160,168,178,99,99,135,158,134,150,165,150,72,122,126,78,151,107,126,143,123,81,102,129,58,136,126,96,134,133,167,134,82,156
164,75,131,161,179,176,141,124,153,134,113,123,126,153,99,136,98,144,106,79,99,145,163,86,130,138,95,153,75,90,97,118,80,80,130,148,131,124,79,119
125,118,139,153,185,163,145,165,140,176,118,144,154,119,116,126,113,146,80,109,103,135,123,114,109,107,106,143,89,124,99,110,107,66,108,166,91,72,65,85
143,88,151,147,184,167,140,159,134,175,62,145,132,78,128,128,154,153,91,135,113,59,125,110,125,90,80,97,69,110,100,143,106,91,125,157,100,120,75,131
149,128,160,141,191,172,156,192,119,199,65,135,141,53,162,145,164,161,124,130,121,40,140,124,159,77,129,78,106,162,125,132,107,93,167,138,104,87,79,151
138,151,166,125,177,206,144,192,101,195,94,170,171,32,151,159,134,189,103,122,147,97,166,120,172,69,136,61,97,156,104,94,140,74,160,106,99,148,72,161
122,117,121,77,124,190,114,131,70,142,82,180,136,26,113,177,126,178,56,109,107,86,116,126,141,60,114,48,75,123,81,72,104,54,112,81,89,123,86,129
101,86,57,72,73,149,79,92,70,80,50,90,67,33,87,164,100,136,42,73,56,40,65,126,86,49,56,29,69,84,57,62,74,45,76,62,80,75,84,70
94,85,89,83,105,105,94,58,63,35,32,107,167,41,81,37,49,103,67,57,60,57,72,44,88,97,26,143,69,29,27,112,76,24,152,62,109,94,54,143
121,122,108,82,92,108,79,34,42,41,35,99,183,80,70,38,49,86,77,57,63,86,65,49,88,95,62,184,55,24,41,92,84,54,120,44,171,100,69,154
173,138,89,53,97,114,99,54,41,46,38,96,189,136,83,60,47,111,100,51,38,103,71,56,83,100,147,193,57,26,106,46,71,90,82,42,187,88,57,116
186,134,75,63,116,119,59,116,52,54,42,116,191,186,76,109,51,148,175,33,49,121,74,77,93,109,170,197,60,39,123,90,76,114,93,95,192,92,66,132
192,148,133,130,169,106,64,187,118,132,104,152,192,200,86,151,83,190,192,42,48,125,59,95,136,108,178,200,39,69,127,146,68,128,127,166,197,76,84,166
210,160,187,175,193,80,128,200,183,179,164,190,193,197,105,174,135,203,194,53,81,126,106,117,188,161,182,199,69,90,132,158,66,126,191,180,199,69,71,139
214,174,198,193,199,64,186,202,195,197,179,205,195,194,120,173,160,202,190,68,133,145,169,124,200,203,181,199,98,117,133,160,48,128,203,188,198,79,52,126
213,177,198,199,200,83,189,203,196,202,175,204,196,201,165,178,165,203,191,105,154,156,198,129,200,203,182,200,88,138,129,160,63,135,202,190,198,132,43,158
210,185,198,199,196,131,189,205,197,202,173,205,197,201,184,183,179,204,189,135,172,99,202,138,199,201,193,131,132,143,131,169,52,137,201,190,199,188,64,180
202,195,198,203,197,180,196,192,196,204,190,206,198,159,183,183,193,205,143,167,175,73,203,136,200,194,188,101,154,150,100,161,44,124,198,166,188,200,113,192
188,167,184,189,188,210,161,145,197,204,189,206,187,149,185,186,191,205,135,140,173,82,207,145,198,192,150,149,133,161,116,164,73,125,179,142,162,197,119,196
156,127,147,129,155,214,170,147,197,202,183,204,137,137,171,186,151,199,143,75,161,95,169,163,190,198,150,143,106,166,132,168,111,97,103,141,167,193,82,196
114,123,137,136,136,216,205,139,171,201,155,196,136,171,179,177,131,178,148,93,128,109,126,170,139,178,137,173,112,146,123,156,128,86,115,163,185,174,59,145
142,101,164,80,163,207,209,170,85,195,147,183,117,197,182,172,95,149,157,112,113,115,132,167,120,152,142,185,137,150,126,164,107,118,129,188,199,156,72,70
159,139,189,142,176,192,202,196,103,195,148,189,118,190,169,169,92,158,167,143,138,122,169,162,145,154,158,180,136,169,158,166,158,140,173,162,198,178,129,92
164,150,184,175,169,176,195,202,132,197,155,191,142,106,172,177,112,170,138,152,139,121,182,169,176,157,158,168,137,177,173,126,170,146,197,101,194,173,147,130
161,151,177,197,153,190,156,200,169,205,128,182,162,81,176,175,150,178,77,155,142,55,174,167,191,176,171,188,144,184,143,99,170,97,191,145,149,163,128,158
148,108,165,198,121,199,115,185,185,164,79,184,165,103,146,178,179,173,145,90,146,51,158,152,189,195,148,176,115,185,96,107,166,39,188,161,98,158,105,193
136,92,106,193,169,204,104,179,179,121,94,197,121,116,98,176,184,123,151,136,104,110,122,137,189,185,80,169,65,155,122,119,109,54,147,118,108,133,96,177
159,155,144,186,172,186,124,204,173,180,98,147,109,162,130,182,178,136,135,154,124,90,128,121,168,156,93,128,89,90,104,113,65,82,162,122,121,86,98,151
173,106,166,174,140,156,119,154,172,187,70,80,135,121,135,128,178,155,84,120,132,83,161,114,100,145,120,74,92,126,60,127,108,76,134,129,175,118,97,164
170,72,129,150,171,182,135,152,152,139,94,120,112,138,97,139,117,132,117,65,85,153,148,91,119,127,94,89,63,96,99,104,82,83,131,149,130,105,79,126
116,113,117,134,192,158,126,160,122,169,120,154,136,128,113,112,103,139,110,99,117,119,117,120,111,102,102,87,78,126,90,102,97,57,117,170,93,75,55,111
118,80,129,156,187,170,119,136,139,170,77,161,133,91,124,132,168,156,103,112,114,50,133,118,110,100,99,68,74,107,85,131,108,91,137,157,93,116,83,148
142,129,154,150,193,175,137,184,130,199,92,126,149,51,161,151,172,169,124,119,125,35,136,146,149,94,130,54,103,156,116,118,96,92,175,134,96,91,82,151
150,147,180,137,179,207,136,192,127,196,114,165,167,34,148,155,142,185,112,111,147,95,160,142,161,82,136,45,95,156,99,86,130,71,162,99,87,148,78,133
136,103,152,90,113,193,106,133,81,146,83,180,129,31,111,167,121,182,69,113,107,74,120,140,124,62,106,37,74,125,81,72,102,53,108,81,85,125,89,104
114,76,71,61,68,147,72,87,66,80,45,102,68,36,87,160,84,133,46,73,64,35,63,137,82,54,58,26,73,89,56,73,76,44,78,65,75,76,90,65
86,87,87,75,133,113,110,63,71,35,27,93,164,44,83,39,53,105,61,51,36,49,83,41,64,99,21,121,71,31,26,103,62,22,151,62,97,83,73,139
112,108,93,57,114,100,97,40,37,49,35,84,180,61,62,42,48,91,69,55,46,81,79,44,73,107,66,163,69,28,39,105,69,42,128,38,163,92,88,155
156,120,92,39,117,111,113,52,41,51,39,96,187,107,82,61,49,104,88,46,57,98,63,61,73,87,146,188,75,27,93,68,61,88,101,39,188,77,73,137
183,133,80,80,119,112,86,100,58,54,42,106,190,179,81,106,57,131,166,36,49,113,71,88,105,86,169,195,66,42,121,94,72,115,98,96,192,82,47,158
186,151,149,150,160,103,71,177,114,134,78,128,190,199,82,149,79,181,188,40,50,117,53,107,153,101,179,199,51,73,123,139,62,127,127,167,194,67,67,147
204,171,188,180,191,78,122,198,179,187,154,166,189,195,103,180,130,200,194,43,87,116,94,121,190,150,182,197,85,81,128,155,61,129,190,177,195,70,75,129
210,168,196,193,197,66,191,200,192,197,176,203,192,195,110,178,164,201,192,73,143,138,161,130,197,200,184,196,91,94,134,158,53,128,199,187,197,88,55,114
211,171,198,196,198,79,199,202,194,201,174,204,194,201,148,180,170,202,198,124,162,136,197,136,199,202,186,197,84,121,132,166,51,134,198,189,198,132,35,138
210,182,196,195,195,132,194,203,196,203,176,205,196,196,179,184,186,202,193,137,170,73,200,143,198,201,194,147,130,125,135,172,49,138,198,191,200,173,46,166
201,192,195,201,196,180,196,201,196,204,186,205,198,153,184,185,197,203,143,164,173,63,201,142,198,193,183,110,154,129,110,154,56,133,200,157,182,198,94,183
192,149,187,183,175,209,145,176,194,203,164,206,184,131,184,184,192,204,90,158,178,78,205,149,197,192,143,170,115,162,145,143,78,143,166,145,144,197,118,191
171,88,173,109,132,215,161,172,198,200,148,204,131,120,162,184,155,199,102,111,149,92,156,136,189,200,99,100,74,167,140,137,109,110,114,181,146,192,79,194
127,112,184,109,131,218,165,173,181,193,120,193,116,161,135,172,144,149,135,140,103,105,109,124,174,171,113,164,82,147,121,144,125,113,96,126,137,165,54,145
143,132,184,98,144,193,190,188,124,184,135,178,123,178,120,166,103,109,149,146,103,112,115,124,171,116,104,189,120,146,128,146,108,121,110,145,162,105,81,76
152,117,180,133,173,158,214,201,107,183,147,182,136,165,119,142,109,150,151,183,130,112,161,149,186,102,98,187,138,150,139,150,130,124,143,164,180,113,121,72
156,122,175,179,185,170,212,202,146,186,150,189,134,90,129,146,133,178,153,195,161,114,188,156,197,142,122,163,118,151,149,125,140,126,194,79,177,147,158,117
157,139,178,201,179,182,172,206,168,198,134,193,141,56,135,158,167,190,159,176,165,47,196,162,197,177,123,192,108,156,129,81,146,78,190,135,119,147,153,149
148,79,176,198,163,175,136,173,164,149,101,199,146,100,117,162,186,176,165,94,147,85,190,156,196,191,135,185,109,162,71,136,150,50,150,171,104,131,129,192
147,109,93,190,170,185,130,149,145,118,112,205,113,118,98,168,191,152,152,118,129,106,172,133,197,174,99,176,89,127,81,112,100,59,153,127,95,118,109,187
130,159,110,182,171,171,123,193,142,175,87,167,129,152,120,156,186,156,138,155,138,75,170,127,188,172,123,166,104,86,107,95,67,81,172,122,103,102,125,158
164,90,158,176,123,165,108,152,174,179,76,102,135,116,114,112,177,156,97,123,136,80,169,128,109,158,130,129,98,137,60,114,105,59,128,137,164,116,117,132
169,82,140,138,158,188,138,163,155,130,94,130,106,131,93,139,128,130,131,75,72,131,135,104,88,121,107,87,65,81,93,110,70,97,117,154,138,106,75,128
115,109,121,128,189,157,119,155,111,165,128,157,128,119,118,109,115,132,130,84,104,79,116,143,102,112,105,68,76,119,92,110,74,69,135,176,100,78,67,153
128,91,131,164,186,173,122,131,129,169,117,146,133,88,126,141,163,164,116,90,117,43,144,147,111,121,125,46,81,106,80,124,100,93,158,167,95,114,91,142
141,125,139,158,185,185,143,175,131,197,120,128,151,46,153,171,155,176,126,89,133,42,143,156,140,107,124,36,100,148,115,119,94,105,181,132,101,102,85,123
159,135,177,152,174,201,138,187,149,191,114,164,159,28,133,158,127,187,115,98,147,104,160,156,153,99,127,31,91,153,102,95,117,87,162,94,93,145,85,114
153,96,157,110,110,188,100,133,107,137,73,177,121,33,103,155,103,174,78,102,104,79,123,148,122,77,96,26,78,118,81,75,98,60,106,80,82,117,95,85
134,76,85,58,70,147,65,87,63,75,38,93,67,36,82,139,74,128,58,80,89,35,59,148,80,57,73,40,85,89,57,73,83,49,72,62,78,79,93,73
101,81,66,65,138,124,114,62,80,31,29,67,151,44,96,38,51,111,57,42,50,38,84,38,56,78,17,98,83,36,26,99,51,23,149,52,87,84,74,146
124,107,78,43,127,95,105,46,44,40,31,92,173,64,62,36,49,101,55,43,42,73,67,43,60,113,61,136,66,27,41,115,60,32,149,33,130,82,88,155
160,114,80,39,130,105,102,54,39,52,46,101,179,111,75,60,51,108,79,41,31,89,58,72,69,109,148,177,67,28,89,79,61,78,114,30,187,75,80,155
178,136,93,97,116,109,96,72,58,56,39,118,188,181,81,114,49,119,162,38,39,101,72,96,113,85,164,191,57,35,116,97,62,111,108,91,191,64,45,159
183,158,161,159,149,112,84,133,110,144,84,135,190,192,79,153,73,165,189,36,49,105,63,114,167,96,177,196,66,62,123,132,60,123,104,167,196,52,43,126
196,162,187,183,184,72,128,190,173,190,154,164,189,191,88,173,115,199,197,59,83,108,92,126,189,153,180,193,102,76,127,154,60,130,153,180,195,66,67,123
200,158,195,193,193,54,186,195,191,199,171,199,191,194,102,175,158,201,194,118,130,128,151,134,194,198,180,194,82,84,132,156,52,128,180,189,194,93,54,100
201,169,197,194,196,69,202,201,194,202,169,205,191,206,119,178,168,200,199,138,161,100,191,142,197,201,184,196,98,121,136,161,49,132,185,192,198,138,34,113
199,171,197,193,192,124,202,202,195,202,172,203,193,180,160,185,186,200,189,142,167,60,198,146,194,198,188,163,128,133,134,164,50,141,188,194,200,166,36,141
195,175,200,197,192,188,202,204,195,203,177,203,195,118,184,183,196,200,114,174,168,94,200,132,193,190,175,94,142,144,106,128,66,117,191,147,161,194,76,165
193,126,188,184,160,214,123,196,195,197,105,204,183,113,185,184,193,202,67,166,174,77,202,130,193,192,125,168,85,167,117,126,84,114,149,125,132,196,112,180
184,84,176,126,121,215,115,197,197,169,98,205,119,100,145,174,144,188,101,116,146,100,155,99,188,200,81,108,65,168,117,118,112,90,123,152,132,187,89,192
161,116,196,115,126,218,123,207,185,143,114,169,110,94,94,133,144,118,113,125,103,103,105,92,178,163,106,138,95,138,108,125,116,83,72,93,158,156,43,153
153,129,201,130,119,176,146,207,165,148,142,129,127,118,109,125,129,107,149,130,88,115,94,110,179,102,130,188,117,99,112,152,82,76,117,126,181,85,73,93
153,142,198,164,167,144,169,208,160,166,160,140,151,139,131,110,151,151,150,156,119,109,146,140,180,122,151,190,143,95,126,157,66,83,141,122,168,100,120,77
162,135,198,195,193,147,208,207,161,165,171,161,173,73,137,133,158,172,145,179,157,108,186,161,179,153,127,170,143,115,131,136,99,102,188,146,156,152,152,105
167,127,201,194,199,188,171,207,164,163,163,171,154,70,133,151,185,195,173,172,181,60,200,161,179,188,143,180,128,123,126,105,113,86,197,148,118,173,159,150
165,108,203,180,191,200,156,194,154,136,152,178,137,100,133,155,187,194,184,100,164,96,200,153,181,185,172,181,122,121,89,125,132,58,147,175,121,163,140,189
159,123,130,168,181,176,158,146,148,141,163,192,142,100,124,166,195,180,162,101,150,106,197,148,184,161,163,172,124,109,80,136,101,113,146,154,94,154,115,186
117,158,101,184,173,185,132,172,101,183,128,137,152,143,126,164,190,180,142,146,155,75,195,146,176,163,160,167,121,112,104,76,84,104,171,116,96,154,115,158
164,117,132,179,111,194,104,151,143,177,78,134,135,127,113,147,189,166,98,125,137,81,177,138,104,153,139,150,101,141,56,74,106,59,105,158,152,143,121,126
173,75,137,140,162,191,159,154,151,123,99,133,103,140,90,135,151,132,133,82,100,100,116,119,92,113,98,100,72,101,78,130,76,89,113,161,148,131,85,124
124,115,121,116,186,156,148,149,114,158,126,147,132,126,113,137,124,143,137,70,129,72,126,166,99,110,126,66,85,105,93,131,70,96,150,176,95,95,79,132
145,109,123,150,181,179,146,129,115,170,131,129,140,85,125,157,154,179,122,85,135,51,161,165,95,139,141,46,87,113,83,131,102,104,175,164,81,118,90,112
149,118,125,169,185,189,166,170,126,191,110,144,149,43,138,175,154,181,124,87,145,59,150,161,129,114,125,31,102,143,116,130,100,105,178,131,99,112,90,109
167,126,162,159,163,190,143,185,160,175,92,174,135,31,120,159,128,181,110,115,132,101,149,164,140,97,109,25,94,140,107,109,108,92,147,92,97,136,92,101
168,98,144,121,100,174,108,132,130,110,55,170,94,30,95,140,96,164,78,116,96,78,105,151,116,77,86,26,89,100,84,98,89,72,87,77,100,113,96,72
150,83,92,63,87,141,69,95,68,67,31,85,66,33,79,116,79,111,72,75,115,37,52,159,74,62,107,64,95,88,63,108,89,53,90,57,84,86,78,80
117,72,54,59,124,129,110,63,85,37,27,65,128,40,106,37,56,119,51,33,68,32,87,38,53,99,17,97,62,38,27,79,47,22,151,59,100,63,60,147
131,106,64,34,137,98,101,48,44,40,36,82,158,64,77,31,54,107,58,38,75,61,59,54,51,106,46,112,60,27,43,119,50,26,156,47,84,71,82,152
164,105,77,34,137,110,88,43,45,47,52,97,166,108,72,54,43,115,82,38,52,80,60,74,71,112,135,156,59,26,88,93,56,63,146,34,173,63,84,155
175,119,114,89,121,111,95,67,52,48,36,129,184,170,84,110,45,112,162,34,39,92,72,92,125,99,160,180,55,31,113,96,60,109,133,83,192,62,59,148
179,134,175,159,136,99,84,79,106,136,84,149,187,177,81,165,74,148,186,42,53,98,60,106,170,104,172,193,81,51,118,127,56,122,124,161,195,41,41,122
188,142,189,181,169,96,119,164,168,190,146,164,187,177,90,183,96,191,191,111,81,101,85,121,183,171,177,192,81,65,124,147,58,129,120,180,196,59,56,109
191,161,195,191,186,68,186,192,186,199,162,196,187,189,89,175,133,198,192,144,118,111,123,137,189,199,179,192,82,85,128,151,44,129,136,185,195,92,68,109
193,163,195,192,190,67,205,197,190,201,165,203,185,183,93,175,160,198,196,147,150,84,178,148,190,198,184,194,115,126,133,158,35,132,159,194,199,138,44,102
193,164,198,192,191,99,205,202,192,200,165,201,188,122,109,178,183,198,188,154,159,78,195,150,190,193,190,178,128,136,131,149,48,135,171,195,202,161,32,118
192,171,201,194,187,171,203,203,191,204,165,198,192,103,157,174,191,197,113,181,163,111,198,113,191,188,162,100,130,153,105,104,72,108,172,132,138,186,67,143
192,117,182,189,162,213,115,192,193,171,76,202,174,136,185,178,193,198,96,139,169,70,199,108,191,191,99,114,75,164,106,149,93,84,149,76,123,193,101,167
190,106,152,161,138,214,83,173,195,115,108,202,121,118,129,156,142,171,90,74,150,74,164,69,186,196,104,132,58,167,98,108,120,93,139,100,120,185,95,182
183,155,142,145,137,217,106,162,177,133,126,139,112,148,78,98,162,107,93,98,123,83,116,78,165,158,107,123,107,125,95,105,110,97,65,104,137,150,56,164
189,115,156,155,103,165,115,169,170,138,146,98,100,144,98,104,145,81,130,113,83,116,108,117,127,116,126,169,119,67,93,153,63,108,90,133,180,80,79,110
182,132,160,179,162,136,149,180,194,171,161,134,156,132,136,113,149,126,161,128,107,116,156,134,121,140,152,179,126,97,112,159,51,102,152,137,187,99,122,80
176,142,161,180,189,127,130,186,194,191,170,145,168,85,155,136,182,177,144,121,153,110,190,158,135,169,159,185,152,121,139,159,102,73,192,113,146,154,152,104
173,115,172,164,199,178,136,199,180,191,174,181,177,118,163,161,191,200,150,128,175,104,199,175,140,176,134,168,149,139,145,133,129,57,198,175,161,179,161,159
173,115,184,150,197,201,140,177,182,190,175,176,144,115,165,160,186,201,178,82,169,107,197,162,140,167,169,165,140,134,109,113,123,78,165,184,158,189,142,183
176,148,117,125,186,197,166,129,164,189,166,163,151,80,159,162,196,190,168,106,156,109,195,161,144,165,151,160,134,124,120,132,104,124,121,163,112,183,125,177
130,156,112,162,180,187,105,171,88,183,163,136,158,137,138,168,193,183,148,119,155,74,189,164,134,120,151,156,131,144,119,111,98,116,145,98,96,175,106,146
162,140,132,179,163,203,116,141,117,172,134,160,136,147,115,167,194,186,121,107,144,102,180,151,87,134,141,145,108,145,59,93,104,68,116,147,142,165,107,114
178,91,110,136,187,198,192,108,148,132,111,106,120,125,94,144,180,165,123,67,134,101,133,127,95,100,100,100,86,112,86,138,90,58,148,165,147,146,99,114
134,133,114,111,184,166,172,128,116,168,111,125,142,96,114,154,154,164,127,71,145,87,128,169,82,112,126,57,89,113,107,137,85,94,168,172,101,111,91,112
137,119,122,130,181,192,163,130,126,176,108,153,132,59,123,165,165,184,124,95,141,64,161,165,98,139,139,37,94,119,100,136,101,112,175,161,64,108,89,105
152,118,128,172,177,190,167,168,113,177,83,162,121,32,124,164,181,179,115,100,134,73,143,159,133,116,115,28,101,128,113,129,98,102,160,128,64,109,87,102
176,121,159,170,132,178,145,172,169,146,66,178,102,26,104,140,167,173,99,125,103,94,128,158,129,104,90,27,96,107,112,108,92,82,108,98,80,119,90,82
177,103,147,126,84,160,109,122,134,82,48,138,76,24,87,115,113,134,83,111,110,59,76,156,94,78,104,45,96,83,90,103,90,64,86,75,88,97,78,73
157,97,93,65,107,132,82,112,69,75,38,85,75,29,79,110,91,72,102,83,117,30,52,171,67,58,114,79,96,103,73,94,90,58,124,76,85,92,70,80
96,67,57,55,116,148,105,74,98,48,25,62,114,42,119,41,54,117,42,41,65,30,92,50,48,114,17,97,47,45,28,47,62,23,155,70,111,80,53,144
118,103,59,35,117,106,93,41,47,37,31,73,148,54,86,34,47,105,54,31,80,42,74,58,45,111,34,116,54,30,48,86,48,24,150,74,87,54,80,150
162,72,71,27,120,104,80,42,37,50,44,93,167,86,77,47,43,118,89,43,83,69,64,74,76,97,109,131,60,27,87,104,48,41,154,47,122,56,89,150
174,92,132,64,120,110,94,51,52,45,28,111,181,144,77,104,49,110,160,31,69,85,64,89,136,84,151,164,60,29,107,92,56,95,147,75,188,67,76,140
180,125,180,147,131,96,92,63,98,121,72,133,182,166,89,179,74,123,177,55,74,95,41,102,171,96,168,180,74,53,114,122,55,117,139,164,193,33,53,127
187,145,191,175,157,97,102,100,157,184,139,154,182,161,101,193,89,176,184,131,85,98,64,120,178,159,174,186,61,68,118,144,55,126,125,187,194,49,50,105
188,159,195,187,175,75,179,174,179,198,157,193,180,173,98,176,115,196,188,151,104,97,98,139,185,196,175,190,75,78,121,150,55,128,111,191,193,94,68,116
190,159,196,191,184,75,207,193,186,198,160,197,178,163,77,170,148,193,191,157,141,78,162,154,184,194,181,189,111,116,127,158,39,129,126,196,195,135,50,104
190,162,196,192,190,77,208,199,188,197,163,196,184,110,94,171,174,193,183,168,150,90,187,152,184,191,188,187,128,136,123,135,55,135,168,196,199,158,31,102
189,167,198,192,184,160,201,202,187,204,156,197,189,105,137,171,185,192,160,184,158,99,191,116,185,188,158,157,118,142,88,114,81,105,176,126,151,175,52,127
191,126,160,188,171,206,118,174,191,145,75,201,172,92,169,175,187,193,208,116,156,59,195,116,187,189,92,95,90,157,114,162,110,85,150,80,176,187,101,148
198,130,120,185,159,211,107,139,188,100,112,201,140,114,125,149,144,173,121,46,151,71,173,69,181,189,127,90,53,168,95,95,124,104,146,98,126,183,96,152
187,123,135,193,148,213,111,132,145,128,97,127,154,164,87,97,152,127,88,102,137,74,133,83,145,161,82,103,81,111,83,87,107,96,73,80,136,149,73,152
174,101,161,184,112,171,103,147,112,81,106,81,125,169,74,99,166,95,130,109,104,111,98,141,87,156,123,131,115,48,118,151,55,102,105,138,167,80,84,126
184,129,169,165,165,161,166,165,135,130,152,110,161,166,130,90,167,140,162,149,118,132,148,148,116,182,146,180,129,83,113,160,54,118,168,163,191,71,122,100
192,144,162,165,193,132,135,167,167,185,167,129,168,110,159,151,181,180,145,134,160,122,193,158,143,184,163,191,145,119,106,159,88,108,197,143,159,155,147,104
197,122,148,159,195,172,109,166,184,201,169,182,177,160,167,173,179,198,142,111,168,107,199,175,164,172,133,168,141,139,114,148,135,62,197,178,175,169,151,154
194,130,139,134,193,199,112,154,198,201,170,183,150,142,165,163,189,197,167,125,159,96,195,175,162,164,152,154,125,148,91,122,147,68,173,188,174,183,133,170
197,149,120,111,187,198,121,155,190,198,164,142,150,80,158,166,198,190,167,119,152,102,189,169,138,155,158,156,116,137,131,106,124,104,131,167,119,176,117,160
175,154,136,151,184,191,86,172,116,191,159,158,148,116,142,175,193,180,158,110,147,63,177,168,122,95,158,147,115,138,146,121,104,115,117,126,93,162,108,132
153,143,132,178,188,200,142,150,109,169,166,149,140,143,124,179,189,180,147,95,141,103,167,166,119,123,145,124,106,138,96,126,102,94,137,142,116,153,101,113
182,118,112,116,187,198,164,86,144,145,149,118,146,102,121,173,187,177,134,72,137,105,146,149,98,104,135,80,100,126,117,124,100,75,161,173,120,133,99,110
133,125,114,109,178,190,157,131,119,172,125,170,151,62,128,164,175,174,123,88,134,86,140,159,83,108,130,40,96,121,126,126,99,85,169,167,88,114,95,109
135,120,120,114,166,187,150,148,128,168,102,175,121,39,120,161,177,171,117,105,127,74,138,163,105,127,114,31,96,119,112,131,99,87,164,155,67,106,87,103
164,115,138,167,141,178,147,159,113,155,82,170,114,25,107,139,185,166,107,109,107,91,129,161,120,106,86,30,96,107,118,119,93,89,127,133,72,105,81,87
183,112,160,172,87,166,133,142,162,110,63,145,96,23,98,123,177,143,95,108,111,78,103,160,98,107,49,37,97,85,114,108,90,59,82,108,76,98,74,79
177,105,133,124,97,141,105,115,122,71,54,108,72,28,88,119,141,82,105,88,122,38,54,164,71,81,60,71,96,99,93,105,89,51,117,79,80,90,68,85
160,108,85,75,125,139,90,131,69,90,92,119,83,53,85,139,140,71,118,100,127,31,55,173,67,55,45,101,94,115,80,102,91,70,136,107,68,96,82,86
85,57,50,63,123,154,104,84,113,81,31,49,114,44,119,44,57,117,39,80,65,31,96,55,58,122,19,89,46,51,34,40,57,22,150,83,117,88,54,134
114,89,48,40,122,120,90,35,82,28,31,68,120,46,111,43,55,113,45,42,53,29,90,62,43,96,21,106,48,35,58,55,41,24,154,80,120,40,57,143
165,67,71,31,113,100,82,42,42,47,29,77,161,64,86,48,59,112,64,35,62,48,78,87,88,87,79,129,52,29,90,87,41,23,148,59,101,36,83,138
176,66,138,45,114,112,88,46,47,45,23,97,173,110,80,100,59,127,138,33,57,73,65,97,143,67,138,145,60,22,102,85,46,59,148,55,157,56,80,130
182,107,176,124,102,94,96,56,99,88,43,115,173,149,81,159,71,109,166,53,72,86,53,113,174,86,158,159,72,43,109,104,49,110,152,142,188,36,62,112
187,138,189,172,138,88,82,64,147,159,120,128,174,150,93,176,85,132,177,127,82,96,46,129,177,150,169,175,57,63,114,138,49,125,131,183,187,31,57,107
186,151,190,186,161,100,160,106,172,189,154,175,173,152,97,162,110,174,182,142,94,97,72,142,181,189,171,178,51,76,116,148,57,125,105,193,187,76,53,103
186,159,185,187,172,97,211,170,178,191,159,188,174,151,75,164,138,186,185,155,132,76,119,151,176,191,176,170,77,112,123,152,44,127,94,195,190,124,44,86
188,162,188,188,174,111,209,193,178,190,160,191,177,135,73,167,154,185,177,170,138,89,162,142,175,190,181,171,101,128,112,136,60,130,120,196,196,153,38,100
189,161,191,191,169,176,201,197,178,197,152,196,178,114,118,168,174,177,160,180,140,105,173,126,179,185,165,162,106,135,85,138,98,87,141,146,158,160,38,133
194,141,132,185,160,198,187,141,184,137,78,198,168,101,156,172,188,173,198,101,141,72,176,142,182,187,106,145,98,149,120,157,117,80,135,161,181,170,90,139
190,141,109,171,152,205,149,128,182,107,79,198,147,116,128,146,164,167,137,49,141,69,164,114,180,187,130,106,84,163,98,129,125,134,148,123,125,175,97,136
147,142,101,168,152,204,150,135,100,135,127,132,140,145,92,96,155,141,108,92,132,94,138,120,128,166,112,98,91,108,69,97,110,78,107,102,144,151,87,130
140,116,129,187,142,185,147,151,83,72,106,89,112,159,78,128,155,113,143,108,121,119,125,153,75,152,124,151,110,42,94,158,55,96,140,141,166,100,89,126
150,133,166,186,171,197,184,157,118,117,166,107,142,160,116,134,188,135,150,148,134,130,148,163,102,174,155,176,129,68,117,157,43,105,188,169,192,97,116,120
162,151,181,177,197,142,172,187,138,174,174,130,169,123,163,158,182,182,140,140,167,122,192,165,131,185,165,166,139,115,106,155,88,116,197,161,166,145,137,123
173,134,181,177,193,176,135,189,150,201,171,181,165,143,163,169,193,189,142,123,162,89,196,173,167,192,153,162,123,138,80,155,126,93,191,165,178,160,129,139
183,137,169,129,185,199,100,184,160,201,164,196,153,165,151,170,199,190,165,114,146,71,187,177,181,193,143,155,103,147,83,142,152,70,169,191,171,174,117,142
184,152,155,117,177,194,93,176,160,196,158,159,148,128,144,177,196,181,166,131,138,86,178,182,168,176,147,147,101,142,95,125,134,86,136,180,126,160,103,130
164,145,153,150,174,189,100,173,111,189,154,130,144,118,133,179,192,163,150,117,134,85,166,181,131,92,138,131,104,131,130,129,102,82,119,164,96,139,97,117
139,141,144,167,170,193,122,166,123,178,145,145,145,105,126,179,189,158,134,98,133,91,157,178,111,101,143,107,104,125,117,135,101,96,149,164,79,131,100,112
183,138,128,112,161,191,135,148,130,172,121,149,147,66,123,164,191,158,127,101,130,91,146,179,97,90,139,64,106,122,102,135,108,111,155,162,73,122,95,110
138,125,130,103,155,184,141,159,116,165,108,171,129,41,118,152,191,154,115,106,125,81,138,175,93,105,122,37,105,118,123,134,102,98,151,155,70,115,88,107
145,115,136,106,146,178,141,146,118,152,84,150,113,37,106,142,187,149,108,111,113,87,126,174,120,129,83,29,99,105,120,133,95,86,140,143,66,110,89,96
176,111,143,155,106,169,125,136,124,134,53,112,102,27,104,122,183,140,110,104,116,81,112,171,110,109,41,45,100,84,118,120,89,87,101,130,64,100,83,90
177,110,136,155,99,151,106,114,158,83,47,106,77,27,97,121,168,107,119,86,128,45,77,161,85,103,17,71,100,90,107,118,86,82,92,104,67,90,73,95
163,112,101,118,127,141,109,128,114,71,93,128,85,57,88,142,171,86,128,94,132,34,53,158,55,87,11,101,98,106,102,107,79,81,133,98,59,92,82,91
160,117,92,82,135,164,124,135,72,81,119,128,98,79,94,166,184,107,126,115,105,56,62,161,50,62,11,110,99,110,87,91,74,110,134,130,50,89,86,93
92,45,74,91,126,153,91,97,115,122,35,69,120,54,118,48,60,118,39,100,67,46,78,51,88,136,21,87,62,64,34,36,69,22,141,87,122,90,46,122
112,65,66,64,127,140,98,53,95,53,30,52,109,49,119,48,59,117,42,89,65,30,71,54,46,107,17,82,42,44,56,41,51,23,146,86,122,63,45,134
158,65,56,40,124,102,97,39,57,33,29,64,132,53,101,42,67,106,40,41,54,30,73,64,83,78,31,101,50,27,92,66,40,24,147,78,122,52,65,128
169,61,108,38,119,99,100,48,42,43,29,91,163,87,81,95,63,129,83,28,54,45,68,91,145,72,110,127,59,24,99,89,39,31,130,52,114,46,80,130
176,76,163,96,96,91,104,51,79,54,34,103,163,129,87,134,66,134,152,31,79,65,66,112,168,90,143,140,58,29,107,91,40,84,130,77,150,42,62,116
185,110,175,159,87,85,70,59,133,94,63,104,163,141,92,150,68,119,161,78,78,84,47,126,183,151,155,142,77,44,113,124,44,116,147,170,176,20,60,97
185,138,175,177,136,99,78,57,153,150,125,140,164,146,89,154,85,125,171,109,81,96,58,137,173,189,163,151,52,69,114,146,49,122,137,194,179,29,47,93
186,151,173,181,149,104,176,92,160,177,153,180,163,140,81,161,93,138,179,137,113,86,83,144,163,193,174,165,45,115,123,154,43,124,121,195,184,80,39,74
186,156,177,185,150,148,222,166,162,177,161,190,159,136,73,166,102,146,178,160,130,83,123,141,162,189,177,158,55,132,106,146,54,125,111,196,192,126,38,93
187,154,181,187,150,182,213,185,165,183,161,190,153,117,102,165,114,146,149,163,128,101,148,127,168,180,163,149,80,131,84,140,88,88,110,185,157,141,32,123
195,145,124,177,147,189,192,115,178,137,113,192,149,101,131,166,162,150,149,88,129,83,160,141,172,183,119,150,90,145,83,159,113,72,109,134,162,145,62,125
157,123,118,130,143,189,191,130,152,105,65,195,129,110,128,149,178,151,118,63,128,83,156,149,173,186,114,129,99,151,67,161,122,106,133,104,133,148,94,108
133,136,101,99,142,190,145,132,66,147,120,140,125,125,83,103,146,134,149,90,126,109,138,144,122,152,123,100,96,107,63,141,114,76,147,108,136,135,93,103
156,138,127,116,158,183,185,144,62,85,122,105,126,162,90,146,166,133,165,95,131,121,141,160,90,120,131,156,111,52,89,155,67,95,177,148,170,106,99,115
155,151,153,153,177,164,209,137,103,106,159,103,132,157,107,132,194,149,146,150,145,125,163,165,87,132,162,148,134,59,104,161,56,109,182,179,194,91,112,122
159,167,169,180,182,150,202,178,142,169,176,145,153,135,157,151,195,172,152,135,151,117,187,170,125,143,176,144,137,107,112,162,93,117,185,159,168,129,116,127
166,153,182,194,182,158,182,196,167,198,177,181,151,123,148,164,196,176,163,124,138,94,178,170,158,148,165,152,111,141,92,169,122,116,178,169,181,161,104,127
184,140,180,159,172,188,154,191,144,198,163,196,152,139,136,172,193,176,163,106,127,76,167,172,176,170,150,144,102,142,105,168,143,103,160,180,155,157,97,114
175,145,166,106,162,187,137,181,120,191,149,181,142,129,127,176,188,163,148,128,126,76,159,178,167,175,139,120,100,138,90,149,126,95,133,179,131,131,95,108
152,136,140,132,159,192,163,174,119,180,132,137,129,108,118,170,187,150,130,127,127,82,151,179,144,98,126,97,96,121,90,143,98,93,127,178,98,120,97,110
169,134,138,163,156,183,174,166,130,165,101,135,133,80,112,155,188,148,121,114,128,72,145,177,111,93,137,68,100,111,99,144,93,99,140,165,77,118,98,109
188,129,137,104,153,177,165,162,108,154,86,161,135,57,107,143,188,144,99,112,124,64,137,178,113,81,125,42,96,112,98,144,99,103,141,152,70,113,93,96
166,124,133,93,140,172,158,153,101,145,66,140,125,49,101,133,184,141,82,114,121,63,124,178,130,108,80,30,87,100,102,136,94,94,135,146,72,112,90,84
176,121,124,108,118,167,126,135,108,137,45,98,95,39,97,124,177,132,86,114,130,54,112,161,113,134,34,37,83,69,112,93,96,95,116,142,74,107,88,82
177,121,91,143,119,156,114,111,139,96,36,101,70,43,96,132,167,111,92,104,130,43,86,121,81,109,30,63,79,57,113,55,107,96,89,123,75,93,80,85
164,122,66,143,136,149,128,111,145,42,42,118,97,63,87,146,165,100,94,99,115,44,63,98,41,95,28,83,89,60,111,43,99,104,116,106,70,88,84,86
149,124,68,102,132,162,139,110,98,30,41,105,124,75,95,153,189,112,97,104,81,49,68,104,52,78,20,99,96,100,112,29,92,137,136,131,56,88,87,82
94,125,63,56,129,167,157,101,81,24,78,67,136,62,107,139,193,125,105,94,29,76,79,101,89,53,22,101,96,116,58,21,118,162,136,142,49,91,88,86
110,42,68,99,126,152,81,105,113,129,39,108,120,43,118,50,60,117,38,110,62,57,87,46,116,129,28,91,84,72,31,34,73,22,138,66,123,97,52,118
117,47,63,78,128,151,95,70,107,109,31,64,120,47,118,46,55,116,39,98,67,45,62,56,90,126,19,83,43,48,39,36,60,23,126,81,123,72,43,124
142,53,67,61,129,120,112,36,80,45,30,47,109,54,115,31,56,110,41,49,74,32,66,53,50,100,16,76,39,37,80,50,36,24,138,80,124,56,45,127
160,67,60,49,119,102,97,47,53,47,34,73,120,60,84,63,59,114,34,37,81,30,68,51,99,77,41,84,42,32,99,82,28,27,133,68,118,44,69,122
175,85,108,45,124,92,94,49,49,50,33,91,149,91,70,122,59,138,82,36,72,37,61,64,143,98,108,115,46,34,109,96,34,44,115,44,84,42,67,114
183,100,151,120,102,89,85,55,101,63,30,95,154,114,89,144,67,138,143,47,69,49,46,88,158,148,136,138,60,37,118,103,40,88,98,64,127,31,55,96
182,115,158,160,89,87,55,54,137,87,53,103,148,124,84,151,68,129,157,82,70,69,55,100,158,177,149,137,70,58,121,125,44,117,103,138,162,34,45,90
183,134,161,172,129,93,64,61,143,140,111,134,141,124,71,156,60,122,161,108,80,82,52,121,153,185,162,136,43,116,129,142,44,124,89,182,162,42,35,86
184,147,161,179,143,133,163,102,151,160,141,162,137,118,82,162,67,106,165,132,102,80,74,140,155,181,167,129,34,135,111,149,42,126,77,192,169,63,36,91
187,147,161,180,141,171,216,152,157,164,159,167,132,105,101,161,72,94,158,152,113,84,84,141,161,169,158,122,37,129,98,144,78,103,91,175,160,99,32,96
185,136,124,148,138,177,190,106,170,146,149,169,126,107,111,157,90,107,140,103,121,91,94,143,164,176,127,130,52,136,88,152,113,79,117,139,133,116,58,83
130,123,132,103,140,175,205,138,119,94,115,173,121,115,123,151,134,127,136,70,123,102,125,157,169,180,106,128,71,139,89,155,119,92,136,138,129,118,92,62
102,121,122,114,143,175,199,84,82,137,97,137,118,126,96,122,141,135,131,105,125,108,138,164,131,123,120,93,99,105,104,157,112,103,158,138,102,116,98,59
165,126,132,112,144,172,195,65,92,121,134,121,116,148,91,128,184,132,135,104,129,114,146,160,100,136,136,132,117,61,116,156,79,99,171,159,164,101,105,72
181,125,148,127,151,170,210,124,115,126,164,138,115,133,116,162,189,145,143,151,124,120,164,158,67,152,149,118,125,74,103,163,60,111,168,178,178,104,106,92
183,119,170,160,149,156,208,174,138,172,163,167,130,126,138,164,188,159,166,143,117,112,162,160,108,134,151,128,115,113,112,168,94,117,167,152,171,123,102,93
172,139,180,170,141,159,208,194,179,185,142,184,134,117,133,160,186,156,155,129,114,82,148,157,153,162,147,130,104,138,97,170,119,109,161,168,175,139,96,86
184,130,174,130,133,182,191,188,171,185,112,186,131,102,122,150,183,146,134,108,114,72,137,158,154,156,139,100,105,129,111,154,126,104,150,168,148,127,93,107
193,126,156,103,133,183,198,178,158,174,87,171,120,99,114,137,185,140,121,115,114,77,137,160,147,135,124,71,102,115,105,142,114,102,131,166,123,116,93,110
190,123,130,124,132,177,202,167,152,157,67,143,116,84,109,110,188,134,98,108,111,75,137,162,129,121,112,49,100,98,106,138,97,100,129,159,91,113,94,104
188,124,122,141,127,168,201,155,128,141,57,138,120,68,102,88,185,130,57,109,100,63,132,158,113,93,91,42,86,91,109,132,93,98,138,153,70,107,92,93
186,119,117,99,114,163,185,150,108,139,39,130,112,58,96,78,176,123,41,106,97,54,120,144,117,80,54,36,58,78,118,101,85,97,137,154,61,104,88,48
190,96,98,94,105,160,142,131,116,134,30,68,89,48,84,73,173,112,35,96,99,49,104,109,108,99,30,32,50,63,120,69,62,100,122,153,60,89,85,42
176,80,68,117,110,148,123,73,122,88,28,40,71,46,68,72,165,87,35,85,75,50,84,67,83,103,31,30,50,60,118,38,68,97,95,142,56,65,84,41
97,85,43,122,111,132,135,45,133,30,27,50,40,57,75,67,158,63,35,75,46,57,70,94,49,86,31,34,49,63,115,52,119,111,111,127,58,54,84,41
61,94,45,109,104,135,132,49,108,32,25,45,40,41,117,54,185,64,36,112,31,54,71,124,58,82,33,36,51,63,96,31,121,142,134,141,56,60,88,41
39,68,52,68,98,162,133,56,83,40,25,32,87,31,120,123,194,57,38,139,35,75,69,118,89,75,36,40,65,100,49,23,114,157,141,153,52,63,91,40
24,49,53,68,95,195,137,56,89,34,25,26,108,28,106,129,191,40,39,158,87,125,51,111,97,57,39,57,94,171,54,25,123,165,144,147,53,53,93,35
100,37,89,81,126,152,77,112,113,126,42,111,120,41,118,50,52,114,37,113,86,55,115,52,114,113,39,105,95,79,27,35,73,21,147,48,123,102,79,118
98,40,91,86,129,152,79,96,113,126,37,109,120,41,118,46,54,116,38,102,73,57,89,55,117,122,27,88,70,58,34,39,62,22,128,64,123,93,47,117
120,47,94,78,130,148,97,49,103,94,28,71,120,36,119,38,55,115,40,64,70,50,63,52,91,122,19,82,41,37,67,42,46,24,121,74,124,65,34,124
147,60,61,68,117,117,106,41,53,46,31,50,90,44,97,32,61,116,35,34,70,34,66,49,53,109,18,74,34,28,96,64,43,25,130,77,125,53,45,127
162,89,48,42,109,98,107,48,36,46,33,76,73,50,60,63,60,127,24,47,63,29,57,42,73,92,30,73,33,30,107,92,34,33,123,56,106,54,60,116
177,119,93,41,103,101,96,51,53,53,32,102,98,67,58,122,52,141,57,33,61,30,51,44,117,118,73,92,31,35,119,99,34,50,102,44,68,53,50,95
178,132,124,116,85,101,72,41,97,58,38,105,123,86,69,145,58,156,100,40,56,33,52,50,138,152,112,105,46,48,120,107,37,86,75,48,90,52,48,91
179,135,132,161,106,79,44,56,121,70,46,88,129,96,65,149,55,155,113,49,47,42,52,59,142,162,127,105,46,106,136,126,40,113,85,81,116,54,39,86
183,140,133,172,118,76,37,68,128,102,59,92,128,96,82,151,57,148,120,60,46,50,66,72,144,160,133,93,31,130,125,137,39,123,81,132,121,40,36,87
186,149,134,175,115,112,104,110,142,112,65,107,120,95,99,151,63,101,125,94,59,55,65,84,147,150,131,81,27,125,116,138,66,118,74,157,120,38,35,74
178,136,115,126,124,136,143,99,153,108,65,123,106,97,107,150,61,59,136,102,70,60,36,94,149,163,128,77,25,116,126,134,95,97,103,150,115,49,58,57
138,120,119,116,126,140,170,134,97,96,67,132,99,100,106,145,64,66,144,82,78,73,44,104,145,166,120,72,24,111,113,132,106,83,144,145,111,53,92,48
144,109,125,100,123,147,185,85,90,92,66,126,93,104,104,130,91,94,118,107,94,87,91,126,128,121,96,43,36,105,127,137,106,88,145,140,107,75,97,40
176,80,124,77,115,159,196,74,85,118,66,126,79,102,105,116,148,92,104,84,111,98,117,144,91,116,90,61,64,64,118,138,87,93,141,150,138,107,84,41
188,109,144,136,103,152,213,128,118,144,78,144,82,99,112,114,174,99,119,112,124,97,128,145,87,126,98,60,70,91,122,138,88,115,142,170,160,117,81,53
183,112,160,161,116,142,217,177,151,169,63,160,99,95,114,119,178,116,116,122,128,88,128,136,116,134,118,61,66,121,133,136,103,108,145,169,163,115,92,56
179,122,162,169,138,167,210,186,186,166,37,157,114,90,106,107,177,130,99,125,137,70,123,151,136,167,129,62,95,120,127,119,110,103,143,167,145,108,93,63
183,123,150,145,154,166,197,177,183,151,28,146,118,74,100,134,179,140,114,104,107,69,117,161,128,175,112,54,101,110,139,123,105,100,136,169,124,105,91,72
189,120,129,143,149,158,193,165,168,129,27,137,119,65,98,152,179,136,129,103,72,77,115,136,122,152,48,47,95,113,135,117,100,103,130,161,95,103,90,89
192,111,103,144,165,152,191,144,153,121,88,119,120,62,96,64,176,142,74,95,74,71,110,80,108,137,36,57,66,94,141,134,82,93,131,156,67,98,87,115
193,85,94,135,124,150,154,126,129,124,96,95,88,44,89,47,165,133,40,83,75,59,102,71,98,118,31,41,52,69,143,78,64,89,133,161,53,83,87,92
187,52,93,108,79,141,103,92,122,83,27,46,73,30,64,49,152,77,43,65,75,55,87,58,93,92,30,28,51,69,140,27,53,82,121,148,50,58,86,45
148,26,95,113,83,133,75,43,126,44,28,12,75,23,53,50,144,64,43,54,83,53,72,54,85,80,31,31,52,70,136,51,51,56,95,117,52,39,87,44
73,23,71,115,84,125,75,18,120,18,29,14,79,20,55,52,145,60,42,51,122,47,67,59,82,71,31,30,52,70,133,73,49,51,110,76,47,39,89,43
38,25,55,91,85,121,74,36,86,18,29,17,78,42,60,52,162,58,42,50,109,46,67,63,80,70,30,26,51,70,103,81,59,113,133,75,43,49,90,41
33,60,57,67,87,118,70,60,63,28,29,24,34,70,92,49,169,57,42,49,112,78,66,104,76,69,30,35,50,69,59,37,91,121,142,89,46,46,93,40
33,100,55,65,86,114,67,70,87,41,29,34,14,75,152,56,171,62,42,50,144,109,64,150,79,67,34,41,48,71,73,25,121,110,147,90,46,48,94,42
39,100,56,73,86,158,63,78,85,30,29,41,22,91,187,140,178,45,41,88,161,100,58,155,82,75,53,58,49,146,120,25,146,115,144,80,46,60,93,55
83,37,108,114,125,151,75,111,113,126,41,110,120,40,118,60,52,113,38,112,100,55,121,56,115,112,40,113,94,96,33,36,74,21,160,47,123,102,83,117
81,38,109,113,125,151,76,112,112,122,42,111,121,42,117,45,46,114,39,110,92,56,117,57,114,114,39,105,95,70,51,35,63,22,142,45,123,101,73,117
92,42,110,92,126,153,80,88,113,125,36,113,121,40,119,43,58,117,40,91,85,57,80,50,114,105,32,89,91,42,82,39,62,24,123,51,123,78,38,116
115,54,94,67,120,142,101,46,94,78,28,84,117,34,106,40,63,126,42,48,84,54,55,48,92,105,25,83,70,26,103,49,47,24,112,72,124,49,30,120
150,66,64,66,101,94,116,45,45,37,30,52,70,40,68,35,69,126,41,37,71,45,56,47,70,103,26,78,46,22,114,68,32,28,113,75,119,53,43,120
164,107,54,42,91,90,102,46,39,41,28,82,50,50,48,49,50,125,33,39,62,38,55,45,56,91,26,65,29,28,122,91,34,47,107,72,102,55,44,102
171,122,64,44,89,87,81,37,46,54,32,89,63,58,66,89,51,139,40,47,45,33,53,47,70,104,48,68,26,41,127,102,34,46,88,86,78,47,40,88
175,124,68,81,92,83,53,42,63,51,33,93,74,61,78,110,54,153,51,41,39,26,54,53,87,123,62,68,38,80,142,115,29,71,60,86,53,39,46,78
179,135,69,112,89,92,45,49,62,41,32,90,71,57,87,108,55,134,54,36,34,24,57,53,97,127,64,66,34,108,147,139,36,105,70,81,44,33,33,68
184,138,68,142,77,99,56,70,71,38,26,92,57,50,95,103,57,120,64,34,45,24,62,52,100,131,64,63,29,98,132,148,50,117,74,69,42,26,33,58
173,145,67,125,69,107,59,81,91,34,19,81,49,43,94,92,54,102,74,39,52,42,47,68,93,140,62,59,28,77,151,157,56,111,72,64,44,29,28,53
159,147,57,123,81,93,71,101,83,35,18,78,45,67,88,67,52,88,67,44,73,76,33,126,84,142,56,63,32,67,137,145,68,74,113,91,43,25,37,36
136,134,62,102,76,81,97,113,95,42,20,67,37,87,73,42,46,81,51,58,112,47,31,158,78,123,52,57,29,78,144,137,89,87,134,85,50,24,50,31
151,110,81,103,70,77,117,119,112,50,24,59,75,92,66,52,79,65,56,83,124,40,47,161,70,96,65,49,29,78,133,110,95,86,132,115,66,44,39,29
172,108,123,143,97,69,147,154,141,64,22,74,92,79,65,87,151,91,107,115,126,60,63,144,93,103,98,50,38,87,153,94,97,75,129,153,67,61,35,51
177,105,141,166,145,85,145,169,165,81,23,67,124,96,76,85,175,124,130,122,133,69,93,150,109,143,117,44,48,105,169,90,99,83,125,166,67,85,62,69
178,82,135,174,151,107,135,168,182,84,41,72,137,100,84,101,175,124,132,118,131,71,118,168,112,162,113,47,84,107,166,75,103,100,126,148,70,96,83,92
181,102,130,165,158,150,193,147,179,81,36,91,137,58,88,159,186,147,126,106,98,69,115,157,117,162,108,57,110,115,174,92,105,100,127,153,72,97,81,87
182,135,105,154,170,166,207,106,167,94,24,102,130,24,95,135,171,155,79,67,78,62,112,85,99,142,43,86,109,118,163,93,75,93,126,159,62,88,78,92
171,97,96,140,181,176,114,65,151,111,77,103,111,24,88,58,114,159,45,58,80,55,92,52,86,120,31,83,61,88,165,78,52,97,122,153,56,53,74,98
139,29,99,128,123,169,65,35,137,86,51,101,82,21,79,53,86,127,45,56,79,49,73,56,86,111,32,30,51,78,163,67,52,88,113,75,48,40,71,59
90,24,100,114,88,130,70,19,122,21,28,93,81,20,66,54,67,80,45,56,79,42,70,59,85,91,31,24,52,77,158,89,53,38,97,44,49,39,64,45
49,27,102,107,90,126,74,18,101,15,31,56,83,20,73,57,63,73,44,55,75,36,70,61,86,68,31,27,52,75,122,94,53,19,107,34,51,40,63,45
43,27,91,85,91,124,76,20,85,19,30,20,81,21,76,61,63,68,43,55,113,34,71,62,88,60,30,34,52,73,114,101,52,44,126,31,45,38,64,43
44,27,56,74,91,120,76,23,68,22,31,19,81,18,77,60,61,66,44,54,158,32,72,61,94,73,30,41,51,72,153,80,50,111,136,29,46,40,63,41
39,25,53,76,90,118,74,42,76,27,30,24,75,60,74,59,60,66,43,53,159,78,72,55,103,71,29,51,51,71,125,37,44,112,138,45,49,53,69,39
32,54,54,76,88,114,71,70,84,32,29,36,30,89,76,52,58,70,42,43,156,95,70,69,100,73,28,58,50,68,133,27,69,123,139,56,48,64,85,37
39,141,53,75,87,124,69,81,86,31,29,46,18,109,111,49,61,72,41,28,154,101,66,126,99,77,39,61,50,80,139,26,133,143,156,66,54,66,89,34
86,36,112,116,124,151,75,110,112,126,40,110,120,40,117,64,55,113,37,112,102,54,120,49,113,111,38,115,93,98,39,32,81,20,149,48,122,101,81,117
75,38,111,115,125,151,77,111,112,125,41,110,120,41,117,58,54,113,39,112,102,55,120,51,114,112,40,113,93,70,38,34,61,22,158,47,122,102,83,117
77,40,110,97,124,151,77,110,112,125,41,110,121,40,117,43,60,115,41,111,102,56,112,52,114,111,42,106,94,52,42,35,59,23,140,46,123,99,74,117
87,42,109,65,125,152,81,78,114,117,36,114,122,37,113,45,59,124,42,90,102,57,65,52,107,108,44,93,95,40,69,38,54,24,112,48,124,79,39,116
113,54,100,76,122,148,118,46,108,89,34,93,109,32,81,50,55,126,43,48,102,57,51,51,92,104,43,89,92,28,104,47,37,24,94,61,122,48,27,111
132,60,62,63,120,119,119,48,63,53,37,61,77,29,58,47,55,128,45,42,97,57,51,52,86,97,37,80,74,23,119,64,31,39,84,81,115,42,31,102
144,95,43,41,121,80,109,36,30,38,37,72,51,33,59,42,53,122,42,42,86,55,48,54,70,93,33,69,48,24,131,78,30,56,73,87,106,33,35,70
151,123,46,35,118,83,88,36,32,36,37,87,47,33,76,44,55,108,39,33,83,47,46,58,61,94,37,70,39,30,146,83,29,48,65,60,85,25,37,60
148,132,45,57,107,94,72,45,21,32,39,102,50,36,76,43,50,94,36,28,91,37,39,59,58,87,42,73,39,57,163,106,27,58,53,46,50,22,30,60
155,126,39,60,102,81,69,43,19,26,34,94,35,29,88,37,47,92,43,28,94,45,43,55,53,95,48,70,32,68,170,120,35,74,67,42,40,20,24,50
161,117,39,84,95,92,66,50,24,23,36,92,37,23,94,38,45,85,49,20,91,44,47,110,48,96,43,66,26,53,130,130,39,96,57,35,45,23,28,48
146,125,32,107,90,82,54,42,47,22,40,77,52,55,90,43,50,70,50,18,98,59,39,171,41,109,46,63,29,41,106,130,31,91,59,29,51,23,31,41
150,129,28,113,88,72,48,52,96,20,35,54,72,63,86,67,105,68,50,23,101,72,32,168,42,104,71,64,37,39,122,126,33,113,97,28,60,21,28,35
164,130,76,116,81,53,77,77,119,18,37,45,110,71,73,126,165,90,75,71,110,67,30,155,74,85,89,63,54,54,115,126,53,110,122,30,54,29,31,39
163,134,116,132,118,79,102,94,131,18,41,53,113,73,71,159,173,112,84,92,105,68,79,142,96,75,94,54,85,72,95,117,77,94,123,122,52,68,31,74
153,125,116,149,130,133,133,91,146,19,40,60,124,72,64,143,170,134,93,99,93,80,121,133,95,97,66,39,84,103,150,115,88,105,123,178,65,74,32,73
133,96,109,144,150,165,160,71,157,21,48,72,122,51,76,96,169,140,71,107,82,68,135,103,94,109,40,64,91,106,178,110,89,95,104,164,77,78,50,73
106,106,104,131,159,166,169,43,149,40,39,84,112,23,76,66,204,138,50,85,79,38,133,65,95,107,29,113,104,100,179,94,71,83,88,121,78,88,86,95
81,98,101,126,155,168,118,26,131,47,29,94,95,20,65,58,151,131,45,61,81,37,113,56,91,92,31,88,76,88,179,99,55,87,78,160,69,67,73,84
61,40,102,118,131,162,78,28,120,43,32,108,84,20,70,56,52,112,46,59,80,35,84,60,91,86,32,31,52,83,165,105,53,91,79,164,65,41,23,56
48,25,102,106,96,141,77,28,107,30,29,116,86,20,77,57,54,95,45,59,79,33,75,61,92,80,31,26,52,82,133,107,53,77,87,59,56,42,15,47
45,27,102,93,92,129,76,27,90,23,31,110,84,21,81,60,56,93,45,58,79,32,75,62,92,78,30,34,52,79,82,105,53,28,84,41,62,41,15,47
47,27,101,82,92,126,76,24,80,20,31,107,84,20,82,62,58,88,45,56,77,34,77,63,93,80,30,38,52,77,42,104,52,22,88,43,69,40,19,44
46,27,101,81,92,123,76,21,76,20,30,73,82,20,80,63,59,82,45,55,83,33,80,62,92,82,30,42,52,74,36,93,52,43,96,42,63,39,19,43
44,27,67,81,91,119,75,19,73,24,31,28,79,17,79,62,57,81,44,55,138,29,82,60,92,81,29,55,52,72,94,62,51,132,108,38,71,37,20,41
42,27,53,80,90,116,75,28,81,29,31,25,81,52,79,61,53,81,42,53,150,76,83,60,100,74,28,58,51,71,172,32,49,142,138,41,78,39,24,39
36,21,56,79,88,113,72,67,86,31,32,30,62,95,78,58,50,80,42,52,150,117,81,58,97,69,26,54,51,70,167,27,63,154,163,76,73,60,38,36
34,83,53,78,87,111,71,82,87,25,32,37,20,97,72,52,41,80,41,42,154,126,76,51,96,65,23,53,50,67,161,27,127,177,179,129,103,62,61,34
48,35,111,115,125,151,75,110,112,126,39,110,120,38,117,63,53,113,37,112,101,54,120,47,113,111,38,114,93,103,34,32,100,20,143,50,122,101,81,116
68,37,111,113,125,150,76,110,112,126,40,110,121,39,116,65,53,113,38,113,102,54,120,48,114,111,40,114,93,96,29,33,88,21,145,48,122,102,81,116
69,38,112,105,125,151,77,111,112,125,41,110,121,39,117,60,56,113,40,112,103,54,117,49,114,112,41,114,93,63,25,34,67,22,152,48,123,102,83,116
63,38,111,86,125,150,78,105,112,121,41,110,120,38,115,48,56,115,41,112,103,55,111,51,113,113,43,107,94,56,33,35,62,23,128,48,123,103,81,116
70,40,112,73,124,151,91,63,114,116,40,112,119,35,89,40,54,114,44,100,103,55,74,54,103,114,46,97,95,49,54,40,55,25,100,50,123,94,52,116
77,47,104,89,122,152,115,51,115,110,37,110,120,31,70,38,48,111,44,74,103,57,50,54,92,109,45,92,96,35,77,51,41,26,78,53,121,85,28,115
81,53,67,101,122,145,104,36,107,92,36,94,115,27,68,41,44,111,44,42,102,57,42,55,73,107,41,85,95,25,101,55,31,45,62,50,116,58,25,108
82,80,37,91,120,135,104,32,92,77,37,67,109,26,67,34,42,93,46,23,102,57,33,57,59,112,35,69,87,24,122,56,30,66,51,41,110,56,28,88
68,106,37,101,118,104,108,42,72,65,44,69,101,25,60,37,37,89,47,23,101,54,33,58,55,111,33,65,81,26,120,55,36,91,56,36,98,51,23,54
68,113,42,105,116,70,106,46,89,41,46,68,101,25,64,48,36,90,47,22,97,50,35,57,71,111,31,72,72,37,119,63,50,102,65,35,63,57,21,41
98,107,33,108,115,71,88,43,101,28,45,61,107,25,67,59,40,90,48,23,93,49,50,70,69,109,30,62,63,50,103,68,39,107,55,37,46,47,23,46
112,110,44,111,114,73,78,43,107,25,43,52,112,23,65,57,69,91,47,23,86,51,56,105,78,109,34,54,71,65,78,68,48,75,71,34,63,47,32,61
113,125,78,110,113,67,67,30,110,37,41,46,116,26,82,90,167,100,47,27,82,49,73,101,99,109,40,54,81,81,76,77,81,61,115,36,74,39,35,78
88,128,106,110,112,88,71,22,106,42,43,41,111,27,93,126,175,106,48,62,79,49,84,82,107,107,34,52,82,88,81,92,89,43,140,45,66,74,32,96
64,120,104,107,111,131,82,24,105,41,46,42,107,24,88,100,169,105,51,100,79,48,93,69,101,102,27,44,80,89,89,109,87,90,151,81,79,89,32,100
53,89,105,105,119,144,79,28,109,27,46,49,109,20,77,68,149,114,46,96,81,51,87,60,99,104,25,32,85,90,97,116,80,91,135,80,89,78,34,96
47,54,104,101,126,150,78,28,111,23,47,62,103,20,78,52,178,118,44,81,82,41,86,58,97,101,28,42,79,88,102,122,70,94,55,90,106,65,51,90
48,41,103,97,117,149,76,23,107,19,34,70,96,22,80,55,133,107,46,69,81,34,86,60,95,99,30,41,62,87,97,120,61,75,34,96,102,52,80,78
48,27,104,92,100,142,77,21,100,20,30,80,92,22,82,58,70,101,45,64,81,34,84,62,96,94,30,35,54,87,78,115,56,55,31,94,93,45,32,65
50,27,103,88,91,135,80,22,96,24,33,88,89,22,85,61,59,102,45,60,80,34,85,62,96,95,30,38,53,85,56,115,54,37,47,74,84,43,17,56
50,28,102,85,93,132,81,23,91,31,31,96,87,21,85,62,61,104,44,59,80,33,85,63,95,93,30,36,53,83,40,114,54,22,60,47,73,42,19,50
50,28,101,85,93,129,80,22,87,31,32,109,86,22,84,64,61,100,43,58,79,33,85,62,95,92,30,42,53,80,39,103,53,24,67,44,89,42,21,46
51,27,100,85,92,125,77,21,81,28,31,111,84,22,84,64,61,97,44,57,78,32,87,62,94,88,29,53,53,77,43,88,53,24,94,42,98,41,26,45
49,26,101,85,92,122,77,20,76,22,32,105,82,22,82,64,59,94,43,56,79,31,87,62,94,83,29,64,52,75,41,74,52,36,163,41,102,40,25,42
46,27,83,84,92,118,76,19,73,25,31,55,80,19,80,66,57,91,43,54,125,28,87,61,92,80,30,64,52,72,41,41,51,126,171,41,103,38,40,41
45,28,54,83,91,115,74,24,77,29,32,24,79,50,79,65,52,87,41,53,144,90,86,60,94,75,28,61,52,70,133,29,50,155,169,39,103,37,50,39
39,23,58,81,89,112,74,48,83,35,36,25,77,116,78,64,51,85,40,53,147,145,83,58,101,71,25,58,51,68,182,28,58,169,179,34,100,56,52,36
37,72,57,78,87,109,73,62,84,28,39,32,35,138,77,57,46,83,40,51,156,137,80,58,98,71,24,57,51,67,192,27,103,183,183,55,100,64,76,34
